  no	pred	real	Good	Contact	Radius	Hole
  0  	  1  	  1  	0.040	0.849	0.057	0.054
  1  	  0  	  1  	0.657	0.199	0.051	0.093
  2  	  1  	  1  	0.037	0.896	0.025	0.042
  3  	  1  	  1  	0.223	0.526	0.052	0.200
  4  	  0  	  1  	0.650	0.193	0.088	0.069
  5  	  1  	  1  	0.047	0.864	0.051	0.038
  6  	  1  	  1  	0.040	0.874	0.050	0.035
  7  	  1  	  1  	0.093	0.731	0.122	0.055
  8  	  1  	  1  	0.027	0.922	0.022	0.028
  9  	  1  	  1  	0.032	0.874	0.057	0.037
 10  	  1  	  1  	0.043	0.891	0.032	0.035
 11  	  1  	  1  	0.030	0.902	0.035	0.034
 12  	  1  	  1  	0.042	0.894	0.032	0.032
 13  	  1  	  1  	0.171	0.493	0.292	0.045
 14  	  1  	  1  	0.032	0.867	0.049	0.052
 15  	  1  	  1  	0.065	0.825	0.058	0.052
 16  	  1  	  1  	0.051	0.875	0.035	0.039
 17  	  0  	  1  	0.423	0.383	0.116	0.078
 18  	  2  	  1  	0.067	0.265	0.586	0.082
 19  	  1  	  1  	0.039	0.896	0.036	0.029
 20  	  1  	  1  	0.034	0.890	0.034	0.042
 21  	  2  	  2  	0.055	0.117	0.778	0.049
 22  	  2  	  2  	0.064	0.306	0.553	0.077
 23  	  2  	  2  	0.071	0.039	0.815	0.075
 24  	  2  	  2  	0.052	0.067	0.808	0.073
 25  	  2  	  2  	0.048	0.130	0.683	0.139
 26  	  2  	  2  	0.020	0.038	0.910	0.032
 27  	  2  	  2  	0.029	0.032	0.899	0.041
 28  	  2  	  2  	0.024	0.031	0.894	0.050
 29  	  2  	  2  	0.030	0.047	0.879	0.043
 30  	  2  	  2  	0.115	0.271	0.549	0.065
 31  	  2  	  2  	0.052	0.078	0.819	0.051
 32  	  2  	  2  	0.020	0.032	0.927	0.021
 33  	  2  	  2  	0.026	0.044	0.887	0.042
 34  	  2  	  2  	0.033	0.051	0.867	0.049
 35  	  2  	  2  	0.032	0.138	0.764	0.065
 36  	  2  	  2  	0.109	0.190	0.655	0.046
 37  	  2  	  2  	0.056	0.138	0.775	0.031
 38  	  2  	  2  	0.030	0.025	0.913	0.032
 39  	  2  	  2  	0.034	0.034	0.896	0.037
 40  	  2  	  2  	0.054	0.054	0.857	0.034
 41  	  2  	  2  	0.132	0.244	0.522	0.102
 42  	  2  	  2  	0.039	0.029	0.897	0.035
 43  	  3  	  3  	0.044	0.046	0.052	0.859
 44  	  3  	  3  	0.075	0.041	0.054	0.831
 45  	  3  	  3  	0.069	0.043	0.038	0.849
 46  	  3  	  3  	0.063	0.041	0.054	0.842
 47  	  3  	  3  	0.050	0.049	0.052	0.848
 48  	  3  	  3  	0.057	0.044	0.051	0.848
 49  	  0  	  3  	0.633	0.245	0.069	0.053
 50  	  3  	  3  	0.117	0.248	0.100	0.535
 51  	  0  	  3  	0.834	0.058	0.055	0.053
 52  	  3  	  3  	0.042	0.048	0.071	0.839
 53  	  3  	  3  	0.087	0.061	0.060	0.792
 54  	  3  	  3  	0.082	0.058	0.059	0.801
 55  	  3  	  3  	0.040	0.049	0.056	0.855
 56  	  3  	  3  	0.053	0.049	0.054	0.845
 57  	  3  	  3  	0.043	0.052	0.052	0.853
 58  	  3  	  3  	0.041	0.058	0.069	0.832
 59  	  3  	  3  	0.039	0.056	0.073	0.832
 60  	  3  	  3  	0.042	0.058	0.067	0.833
 61  	  3  	  3  	0.060	0.041	0.063	0.836
 62  	  3  	  3  	0.044	0.059	0.053	0.844
 63  	  3  	  3  	0.050	0.038	0.057	0.855
 64  	  3  	  3  	0.053	0.039	0.054	0.854
 65  	  3  	  3  	0.038	0.072	0.048	0.842
 66  	  3  	  3  	0.047	0.060	0.047	0.846
 67  	  3  	  3  	0.050	0.068	0.067	0.815
 68  	  3  	  3  	0.046	0.048	0.059	0.848
 69  	  3  	  3  	0.052	0.040	0.059	0.848
 70  	  3  	  3  	0.044	0.059	0.048	0.849
 71  	  3  	  3  	0.064	0.040	0.077	0.818
 72  	  3  	  3  	0.039	0.061	0.049	0.851
 73  	  3  	  3  	0.210	0.066	0.112	0.611
 74  	  3  	  3  	0.041	0.064	0.049	0.846
 75  	  3  	  3  	0.043	0.045	0.049	0.864
 76  	  3  	  3  	0.044	0.064	0.048	0.844
 77  	  3  	  3  	0.059	0.040	0.062	0.839
 78  	  3  	  3  	0.047	0.048	0.051	0.855
 79  	  3  	  3  	0.178	0.054	0.048	0.721
 80  	  3  	  3  	0.045	0.047	0.050	0.859
 81  	  3  	  3  	0.029	0.050	0.057	0.864
 82  	  3  	  3  	0.041	0.053	0.051	0.855
 83  	  3  	  3  	0.037	0.052	0.051	0.860
 84  	  3  	  3  	0.037	0.051	0.053	0.859
 85  	  3  	  3  	0.043	0.060	0.044	0.853
 86  	  3  	  3  	0.045	0.060	0.038	0.857
 87  	  3  	  3  	0.049	0.050	0.051	0.849
 88  	  3  	  3  	0.048	0.045	0.067	0.840
 89  	  3  	  3  	0.053	0.047	0.043	0.858
 90  	  3  	  3  	0.040	0.042	0.059	0.858
 91  	  3  	  3  	0.042	0.054	0.042	0.862
 92  	  0  	  0  	0.854	0.044	0.049	0.053
 93  	  0  	  0  	0.850	0.048	0.053	0.049
 94  	  0  	  0  	0.872	0.040	0.039	0.050
 95  	  0  	  0  	0.835	0.077	0.041	0.046
 96  	  3  	  0  	0.294	0.069	0.139	0.499
 97  	  0  	  0  	0.861	0.042	0.054	0.044
 98  	  0  	  0  	0.863	0.051	0.044	0.041
 99  	  0  	  0  	0.834	0.058	0.055	0.053
 100 	  0  	  0  	0.770	0.110	0.076	0.045
 101 	  0  	  0  	0.802	0.056	0.041	0.101
 102 	  0  	  0  	0.830	0.061	0.050	0.060
 103 	  0  	  0  	0.674	0.116	0.155	0.054
 104 	  0  	  0  	0.860	0.066	0.039	0.034
 105 	  0  	  0  	0.836	0.064	0.056	0.044
 106 	  0  	  0  	0.811	0.070	0.065	0.054
 107 	  0  	  0  	0.807	0.065	0.073	0.055
 108 	  3  	  0  	0.054	0.056	0.046	0.843
 109 	  0  	  0  	0.840	0.056	0.061	0.043
 110 	  0  	  0  	0.807	0.069	0.072	0.051
 111 	  0  	  0  	0.828	0.065	0.052	0.056
 112 	  0  	  0  	0.834	0.052	0.069	0.044
 113 	  0  	  0  	0.818	0.064	0.076	0.042
 114 	  0  	  0  	0.812	0.071	0.071	0.046
 115 	  0  	  0  	0.850	0.044	0.060	0.046
 116 	  0  	  0  	0.842	0.046	0.065	0.047
 117 	  0  	  0  	0.842	0.058	0.057	0.043
 118 	  0  	  0  	0.852	0.039	0.054	0.056
 119 	  0  	  0  	0.850	0.042	0.054	0.055
 120 	  0  	  0  	0.845	0.048	0.059	0.048
 121 	  1  	  0  	0.169	0.725	0.055	0.051
 122 	  0  	  0  	0.608	0.144	0.196	0.052
 123 	  0  	  0  	0.805	0.099	0.044	0.052
 124 	  0  	  0  	0.805	0.046	0.079	0.069
 125 	  0  	  0  	0.556	0.081	0.252	0.111
 126 	  0  	  0  	0.638	0.056	0.213	0.094
 127 	  0  	  0  	0.848	0.046	0.046	0.060
 128 	  0  	  0  	0.846	0.045	0.045	0.064
 129 	  0  	  0  	0.828	0.060	0.062	0.050
 130 	  0  	  0  	0.828	0.062	0.059	0.051
 131 	  0  	  0  	0.852	0.045	0.056	0.047
 132 	  0  	  0  	0.601	0.167	0.154	0.078
 133 	  0  	  0  	0.809	0.058	0.083	0.050
 134 	  0  	  0  	0.523	0.056	0.323	0.098
 135 	  0  	  0  	0.603	0.047	0.268	0.082
 136 	  0  	  0  	0.685	0.064	0.195	0.056
 137 	  0  	  0  	0.806	0.048	0.096	0.050
 138 	  2  	  0  	0.234	0.059	0.609	0.099
 139 	  0  	  0  	0.843	0.048	0.063	0.046
 140 	  0  	  0  	0.721	0.037	0.166	0.075
 141 	  0  	  0  	0.832	0.048	0.087	0.034
 142 	  0  	  0  	0.847	0.030	0.082	0.041
 143 	  0  	  0  	0.825	0.059	0.076	0.040
 144 	  0  	  0  	0.843	0.046	0.061	0.050
 145 	  0  	  0  	0.853	0.036	0.054	0.056
 146 	  0  	  0  	0.843	0.047	0.059	0.051
 147 	  0  	  0  	0.851	0.038	0.052	0.059
 148 	  0  	  0  	0.853	0.036	0.054	0.056
 149 	  0  	  0  	0.846	0.046	0.058	0.050
