  no	pred	real	Good	Contact	Radius	Hole
  0  	  1  	  1  	0.033	0.881	0.037	0.050
  1  	  1  	  1  	0.043	0.815	0.057	0.085
  2  	  1  	  1  	0.035	0.817	0.079	0.070
  3  	  1  	  1  	0.048	0.846	0.056	0.050
  4  	  1  	  1  	0.036	0.863	0.054	0.047
  5  	  1  	  1  	0.018	0.916	0.030	0.037
  6  	  1  	  1  	0.043	0.833	0.067	0.057
  7  	  1  	  1  	0.037	0.871	0.039	0.054
  8  	  1  	  1  	0.030	0.873	0.045	0.052
  9  	  1  	  1  	0.038	0.855	0.056	0.051
 10  	  1  	  1  	0.044	0.857	0.055	0.044
 11  	  1  	  1  	0.036	0.854	0.059	0.051
 12  	  1  	  1  	0.058	0.813	0.081	0.049
 13  	  1  	  1  	0.034	0.847	0.067	0.052
 14  	  1  	  1  	0.040	0.814	0.095	0.050
 15  	  1  	  1  	0.027	0.873	0.049	0.051
 16  	  1  	  1  	0.048	0.839	0.064	0.048
 17  	  1  	  1  	0.067	0.455	0.409	0.070
 18  	  1  	  1  	0.044	0.787	0.114	0.055
 19  	  1  	  1  	0.042	0.854	0.052	0.053
 20  	  1  	  1  	0.049	0.809	0.079	0.062
 21  	  1  	  1  	0.043	0.643	0.158	0.156
 22  	  1  	  1  	0.031	0.879	0.036	0.054
 23  	  1  	  1  	0.031	0.846	0.071	0.052
 24  	  1  	  1  	0.053	0.860	0.045	0.042
 25  	  1  	  1  	0.043	0.859	0.051	0.047
 26  	  1  	  1  	0.040	0.863	0.045	0.053
 27  	  1  	  1  	0.048	0.832	0.057	0.063
 28  	  2  	  2  	0.034	0.086	0.751	0.128
 29  	  1  	  2  	0.047	0.811	0.078	0.063
 30  	  2  	  2  	0.048	0.023	0.895	0.034
 31  	  2  	  2  	0.044	0.141	0.750	0.064
 32  	  2  	  2  	0.035	0.035	0.885	0.045
 33  	  2  	  2  	0.057	0.052	0.841	0.050
 34  	  2  	  2  	0.047	0.039	0.875	0.039
 35  	  2  	  2  	0.041	0.054	0.857	0.048
 36  	  2  	  2  	0.040	0.067	0.842	0.052
 37  	  2  	  2  	0.033	0.054	0.868	0.044
 38  	  2  	  2  	0.053	0.046	0.857	0.044
 39  	  2  	  2  	0.053	0.032	0.854	0.061
 40  	  2  	  2  	0.037	0.031	0.889	0.043
 41  	  2  	  2  	0.033	0.027	0.894	0.045
 42  	  2  	  2  	0.047	0.052	0.754	0.146
 43  	  2  	  2  	0.061	0.078	0.813	0.048
 44  	  2  	  2  	0.065	0.130	0.746	0.059
 45  	  1  	  2  	0.054	0.612	0.253	0.081
 46  	  2  	  2  	0.046	0.044	0.869	0.041
 47  	  2  	  2  	0.030	0.052	0.877	0.042
 48  	  1  	  2  	0.051	0.740	0.130	0.079
 49  	  1  	  2  	0.059	0.784	0.093	0.064
 50  	  2  	  2  	0.046	0.056	0.852	0.046
 51  	  3  	  3  	0.042	0.051	0.048	0.860
 52  	  3  	  3  	0.053	0.049	0.042	0.855
 53  	  3  	  3  	0.046	0.047	0.068	0.839
 54  	  3  	  3  	0.043	0.057	0.065	0.835
 55  	  3  	  3  	0.059	0.080	0.117	0.745
 56  	  3  	  3  	0.041	0.057	0.085	0.817
 57  	  3  	  3  	0.035	0.042	0.074	0.849
 58  	  3  	  3  	0.043	0.075	0.076	0.807
 59  	  3  	  3  	0.038	0.044	0.050	0.868
 60  	  3  	  3  	0.045	0.048	0.062	0.846
 61  	  1  	  3  	0.072	0.708	0.076	0.145
 62  	  3  	  3  	0.053	0.071	0.057	0.819
 63  	  3  	  3  	0.042	0.073	0.054	0.831
 64  	  3  	  3  	0.035	0.049	0.062	0.854
 65  	  3  	  3  	0.042	0.037	0.048	0.873
 66  	  3  	  3  	0.036	0.038	0.041	0.885
 67  	  3  	  3  	0.064	0.040	0.063	0.833
 68  	  3  	  3  	0.050	0.052	0.049	0.849
 69  	  3  	  3  	0.055	0.043	0.077	0.825
 70  	  3  	  3  	0.050	0.043	0.151	0.756
 71  	  3  	  3  	0.055	0.043	0.116	0.786
 72  	  3  	  3  	0.044	0.049	0.060	0.847
 73  	  3  	  3  	0.048	0.045	0.058	0.849
 74  	  3  	  3  	0.043	0.048	0.106	0.803
 75  	  3  	  3  	0.043	0.047	0.086	0.824
 76  	  3  	  3  	0.042	0.042	0.081	0.836
 77  	  3  	  3  	0.033	0.062	0.085	0.820
 78  	  3  	  3  	0.044	0.051	0.054	0.851
 79  	  3  	  3  	0.043	0.047	0.066	0.844
 80  	  3  	  3  	0.037	0.050	0.058	0.855
 81  	  3  	  3  	0.045	0.049	0.051	0.855
 82  	  3  	  3  	0.040	0.045	0.079	0.836
 83  	  3  	  3  	0.056	0.044	0.073	0.827
 84  	  3  	  3  	0.056	0.044	0.073	0.828
 85  	  3  	  3  	0.048	0.043	0.059	0.850
 86  	  3  	  3  	0.051	0.038	0.068	0.843
 87  	  3  	  3  	0.056	0.040	0.055	0.849
 88  	  3  	  3  	0.042	0.051	0.060	0.846
 89  	  3  	  3  	0.045	0.044	0.057	0.854
 90  	  3  	  3  	0.038	0.052	0.064	0.846
 91  	  3  	  3  	0.039	0.046	0.064	0.851
 92  	  3  	  3  	0.045	0.048	0.067	0.840
 93  	  3  	  3  	0.039	0.042	0.144	0.775
 94  	  3  	  3  	0.042	0.066	0.067	0.824
 95  	  3  	  3  	0.049	0.046	0.056	0.849
 96  	  3  	  3  	0.042	0.041	0.052	0.865
 97  	  3  	  3  	0.077	0.143	0.156	0.623
 98  	  3  	  3  	0.034	0.039	0.067	0.860
 99  	  3  	  3  	0.038	0.048	0.052	0.862
 100 	  3  	  3  	0.048	0.075	0.053	0.824
 101 	  3  	  3  	0.056	0.045	0.052	0.847
 102 	  0  	  0  	0.841	0.049	0.068	0.042
 103 	  0  	  0  	0.851	0.046	0.049	0.054
 104 	  0  	  0  	0.851	0.042	0.056	0.051
 105 	  0  	  0  	0.862	0.041	0.057	0.040
 106 	  0  	  0  	0.820	0.049	0.079	0.051
 107 	  0  	  0  	0.772	0.055	0.134	0.039
 108 	  0  	  0  	0.844	0.040	0.068	0.047
 109 	  0  	  0  	0.848	0.042	0.066	0.044
 110 	  0  	  0  	0.838	0.040	0.060	0.062
 111 	  0  	  0  	0.852	0.044	0.054	0.049
 112 	  0  	  0  	0.719	0.070	0.061	0.149
 113 	  0  	  0  	0.842	0.041	0.060	0.058
 114 	  0  	  0  	0.841	0.041	0.061	0.056
 115 	  0  	  0  	0.849	0.043	0.055	0.053
 116 	  0  	  0  	0.855	0.045	0.056	0.045
 117 	  0  	  0  	0.850	0.046	0.057	0.047
 118 	  0  	  0  	0.850	0.043	0.051	0.057
 119 	  0  	  0  	0.795	0.063	0.041	0.102
 120 	  3  	  0  	0.330	0.231	0.093	0.346
 121 	  0  	  0  	0.807	0.050	0.062	0.081
 122 	  0  	  0  	0.739	0.058	0.063	0.139
 123 	  0  	  0  	0.656	0.067	0.080	0.197
 124 	  0  	  0  	0.697	0.063	0.070	0.170
 125 	  0  	  0  	0.867	0.042	0.049	0.042
 126 	  0  	  0  	0.837	0.038	0.072	0.052
 127 	  0  	  0  	0.835	0.038	0.072	0.056
 128 	  0  	  0  	0.849	0.046	0.054	0.051
 129 	  0  	  0  	0.848	0.055	0.053	0.044
 130 	  0  	  0  	0.841	0.039	0.068	0.052
 131 	  0  	  0  	0.851	0.059	0.038	0.051
 132 	  0  	  0  	0.852	0.039	0.048	0.061
 133 	  0  	  0  	0.848	0.044	0.060	0.048
 134 	  0  	  0  	0.850	0.043	0.056	0.051
 135 	  0  	  0  	0.847	0.046	0.058	0.049
 136 	  0  	  0  	0.849	0.046	0.054	0.051
 137 	  0  	  0  	0.826	0.054	0.058	0.062
 138 	  0  	  0  	0.850	0.045	0.056	0.049
 139 	  0  	  0  	0.841	0.045	0.054	0.059
 140 	  0  	  0  	0.847	0.051	0.054	0.048
 141 	  0  	  0  	0.820	0.036	0.081	0.064
 142 	  0  	  0  	0.782	0.037	0.090	0.091
 143 	  0  	  0  	0.843	0.059	0.052	0.047
 144 	  0  	  0  	0.687	0.043	0.192	0.078
 145 	  0  	  0  	0.854	0.054	0.051	0.041
 146 	  0  	  0  	0.844	0.037	0.066	0.053
 147 	  0  	  0  	0.871	0.041	0.048	0.039
 148 	  0  	  0  	0.853	0.041	0.056	0.049
 149 	  0  	  0  	0.845	0.052	0.047	0.056
 150 	  0  	  0  	0.499	0.094	0.074	0.333
 151 	  0  	  0  	0.853	0.047	0.047	0.053
 152 	  0  	  0  	0.815	0.037	0.082	0.066
 153 	  0  	  0  	0.862	0.049	0.048	0.041
 154 	  0  	  0  	0.850	0.066	0.044	0.041
 155 	  0  	  0  	0.854	0.045	0.048	0.054
 156 	  0  	  0  	0.820	0.049	0.095	0.036
 157 	  0  	  0  	0.816	0.046	0.097	0.041
 158 	  0  	  0  	0.814	0.092	0.032	0.062
 159 	  0  	  0  	0.827	0.081	0.031	0.060
 160 	  0  	  0  	0.833	0.059	0.038	0.070
 161 	  0  	  0  	0.855	0.050	0.050	0.045
 162 	  0  	  0  	0.867	0.042	0.049	0.043
