  no	pred	real	Good	Contact	Radius	Hole
  0  	  1  	  1  	0.034	0.833	0.064	0.068
  1  	  1  	  1  	0.044	0.831	0.061	0.065
  2  	  1  	  1  	0.035	0.820	0.071	0.074
  3  	  1  	  1  	0.040	0.835	0.056	0.069
  4  	  1  	  1  	0.034	0.833	0.064	0.068
  5  	  1  	  1  	0.044	0.831	0.061	0.065
  6  	  1  	  1  	0.047	0.803	0.076	0.074
  7  	  1  	  1  	0.043	0.826	0.069	0.063
  8  	  1  	  1  	0.039	0.818	0.074	0.069
  9  	  1  	  1  	0.049	0.821	0.067	0.064
 10  	  1  	  1  	0.043	0.819	0.073	0.064
 11  	  1  	  1  	0.050	0.819	0.056	0.074
 12  	  1  	  1  	0.045	0.813	0.069	0.073
 13  	  1  	  1  	0.041	0.835	0.058	0.065
 14  	  1  	  1  	0.071	0.781	0.082	0.066
 15  	  1  	  1  	0.045	0.777	0.114	0.064
 16  	  1  	  1  	0.085	0.749	0.100	0.066
 17  	  1  	  1  	0.068	0.743	0.111	0.077
 18  	  1  	  1  	0.024	0.843	0.064	0.068
 19  	  1  	  1  	0.033	0.800	0.063	0.104
 20  	  1  	  1  	0.022	0.863	0.061	0.053
 21  	  1  	  1  	0.026	0.873	0.054	0.047
 22  	  1  	  1  	0.034	0.818	0.081	0.067
 23  	  1  	  1  	0.030	0.847	0.061	0.062
 24  	  1  	  1  	0.041	0.815	0.085	0.059
 25  	  1  	  1  	0.046	0.818	0.073	0.064
 26  	  1  	  1  	0.045	0.823	0.073	0.059
 27  	  1  	  1  	0.046	0.822	0.068	0.064
 28  	  1  	  1  	0.045	0.808	0.080	0.067
 29  	  1  	  1  	0.044	0.819	0.073	0.065
 30  	  1  	  1  	0.048	0.811	0.075	0.067
 31  	  1  	  1  	0.046	0.831	0.063	0.060
 32  	  1  	  1  	0.049	0.832	0.061	0.058
 33  	  1  	  1  	0.046	0.792	0.091	0.070
 34  	  1  	  1  	0.052	0.797	0.090	0.061
 35  	  1  	  1  	0.043	0.824	0.067	0.066
 36  	  1  	  1  	0.040	0.825	0.076	0.059
 37  	  1  	  1  	0.048	0.823	0.065	0.063
 38  	  1  	  1  	0.041	0.820	0.082	0.057
 39  	  1  	  1  	0.047	0.831	0.058	0.065
 40  	  1  	  1  	0.041	0.837	0.054	0.068
 41  	  1  	  1  	0.053	0.807	0.082	0.057
 42  	  1  	  1  	0.048	0.823	0.065	0.063
 43  	  1  	  1  	0.047	0.831	0.058	0.065
 44  	  1  	  1  	0.041	0.837	0.054	0.068
 45  	  1  	  1  	0.053	0.807	0.082	0.057
 46  	  1  	  1  	0.046	0.838	0.057	0.060
 47  	  1  	  1  	0.048	0.831	0.056	0.065
 48  	  1  	  1  	0.044	0.826	0.062	0.068
 49  	  1  	  1  	0.059	0.803	0.080	0.058
 50  	  1  	  1  	0.051	0.796	0.096	0.057
 51  	  1  	  1  	0.047	0.838	0.053	0.062
 52  	  1  	  1  	0.039	0.840	0.056	0.065
 53  	  1  	  1  	0.044	0.841	0.046	0.069
 54  	  1  	  1  	0.047	0.838	0.053	0.062
 55  	  1  	  1  	0.039	0.840	0.056	0.065
 56  	  1  	  1  	0.044	0.841	0.046	0.069
 57  	  1  	  1  	0.049	0.822	0.070	0.059
 58  	  1  	  1  	0.048	0.833	0.055	0.064
 59  	  1  	  1  	0.040	0.834	0.056	0.069
 60  	  1  	  1  	0.071	0.778	0.094	0.057
 61  	  1  	  1  	0.044	0.786	0.096	0.075
 62  	  1  	  1  	0.057	0.785	0.099	0.059
 63  	  1  	  1  	0.037	0.824	0.073	0.066
 64  	  1  	  1  	0.044	0.786	0.096	0.075
 65  	  1  	  1  	0.067	0.807	0.063	0.064
 66  	  1  	  1  	0.058	0.783	0.094	0.064
 67  	  1  	  1  	0.038	0.831	0.070	0.061
 68  	  1  	  1  	0.074	0.781	0.082	0.063
 69  	  1  	  1  	0.038	0.828	0.071	0.063
 70  	  1  	  1  	0.033	0.808	0.099	0.061
 71  	  1  	  1  	0.040	0.815	0.089	0.056
 72  	  1  	  1  	0.052	0.812	0.065	0.072
 73  	  1  	  1  	0.034	0.825	0.085	0.056
 74  	  1  	  1  	0.056	0.804	0.072	0.068
 75  	  1  	  1  	0.051	0.677	0.204	0.068
 76  	  1  	  1  	0.052	0.812	0.065	0.071
 77  	  1  	  1  	0.056	0.804	0.072	0.068
 78  	  1  	  1  	0.047	0.828	0.059	0.066
 79  	  1  	  1  	0.038	0.807	0.077	0.077
 80  	  1  	  1  	0.037	0.826	0.065	0.072
 81  	  1  	  1  	0.045	0.834	0.054	0.067
 82  	  1  	  1  	0.040	0.815	0.085	0.060
 83  	  1  	  1  	0.047	0.770	0.115	0.068
 84  	  1  	  1  	0.070	0.469	0.386	0.076
 85  	  1  	  1  	0.036	0.839	0.054	0.070
 86  	  1  	  1  	0.046	0.829	0.070	0.056
 87  	  1  	  1  	0.051	0.739	0.142	0.068
 88  	  1  	  1  	0.046	0.772	0.120	0.061
 89  	  1  	  1  	0.036	0.820	0.068	0.076
 90  	  1  	  1  	0.046	0.805	0.084	0.065
 91  	  1  	  1  	0.043	0.804	0.096	0.058
 92  	  1  	  1  	0.049	0.824	0.065	0.063
 93  	  1  	  1  	0.049	0.811	0.068	0.071
 94  	  1  	  1  	0.062	0.752	0.126	0.060
 95  	  1  	  1  	0.052	0.812	0.074	0.062
 96  	  1  	  1  	0.043	0.837	0.056	0.064
 97  	  1  	  1  	0.044	0.840	0.045	0.071
 98  	  1  	  1  	0.046	0.811	0.081	0.061
 99  	  1  	  1  	0.046	0.829	0.061	0.064
 100 	  1  	  1  	0.044	0.820	0.069	0.067
 101 	  1  	  1  	0.041	0.830	0.066	0.063
 102 	  1  	  1  	0.037	0.821	0.073	0.069
 103 	  0  	  1  	0.335	0.331	0.178	0.156
 104 	  1  	  1  	0.050	0.746	0.117	0.086
 105 	  1  	  1  	0.026	0.861	0.059	0.055
 106 	  1  	  1  	0.039	0.818	0.068	0.075
 107 	  1  	  1  	0.035	0.827	0.063	0.075
 108 	  1  	  1  	0.026	0.872	0.056	0.047
 109 	  1  	  1  	0.050	0.795	0.097	0.058
 110 	  1  	  1  	0.049	0.805	0.074	0.071
 111 	  1  	  1  	0.047	0.821	0.067	0.064
 112 	  1  	  1  	0.033	0.850	0.055	0.062
 113 	  1  	  1  	0.035	0.803	0.106	0.056
 114 	  1  	  1  	0.039	0.831	0.074	0.056
 115 	  1  	  1  	0.039	0.834	0.066	0.061
 116 	  1  	  1  	0.050	0.814	0.074	0.063
 117 	  1  	  1  	0.024	0.874	0.049	0.053
 118 	  1  	  1  	0.045	0.818	0.075	0.062
 119 	  1  	  1  	0.048	0.817	0.071	0.064
 120 	  1  	  1  	0.041	0.829	0.059	0.070
 121 	  1  	  1  	0.051	0.817	0.066	0.066
 122 	  1  	  1  	0.044	0.815	0.080	0.062
 123 	  1  	  1  	0.043	0.836	0.063	0.059
 124 	  1  	  1  	0.047	0.822	0.066	0.065
 125 	  1  	  1  	0.047	0.806	0.080	0.067
 126 	  1  	  1  	0.042	0.832	0.066	0.060
 127 	  1  	  1  	0.043	0.832	0.062	0.063
 128 	  1  	  1  	0.051	0.827	0.056	0.066
 129 	  1  	  1  	0.074	0.780	0.058	0.087
 130 	  1  	  1  	0.037	0.819	0.071	0.073
 131 	  1  	  1  	0.039	0.837	0.058	0.066
 132 	  1  	  1  	0.024	0.876	0.050	0.050
 133 	  1  	  1  	0.085	0.726	0.127	0.063
 134 	  1  	  1  	0.051	0.816	0.072	0.061
 135 	  1  	  1  	0.047	0.821	0.066	0.065
 136 	  1  	  1  	0.045	0.839	0.045	0.071
 137 	  1  	  1  	0.030	0.856	0.062	0.052
 138 	  1  	  1  	0.030	0.816	0.088	0.067
 139 	  1  	  1  	0.043	0.792	0.105	0.060
 140 	  1  	  1  	0.044	0.835	0.061	0.060
 141 	  1  	  1  	0.044	0.775	0.097	0.084
 142 	  1  	  1  	0.067	0.729	0.138	0.066
 143 	  0  	  1  	0.888	0.042	0.036	0.033
 144 	  1  	  1  	0.075	0.681	0.177	0.066
 145 	  1  	  1  	0.067	0.745	0.124	0.064
 146 	  2  	  2  	0.054	0.067	0.829	0.050
 147 	  2  	  2  	0.034	0.050	0.867	0.050
 148 	  2  	  2  	0.032	0.060	0.850	0.058
 149 	  2  	  2  	0.033	0.060	0.846	0.061
 150 	  2  	  2  	0.032	0.044	0.872	0.053
 151 	  2  	  2  	0.039	0.038	0.841	0.083
 152 	  2  	  2  	0.034	0.030	0.886	0.049
 153 	  2  	  2  	0.030	0.037	0.875	0.058
 154 	  2  	  2  	0.040	0.053	0.837	0.070
 155 	  2  	  2  	0.030	0.031	0.886	0.053
 156 	  2  	  2  	0.030	0.031	0.893	0.046
 157 	  1  	  2  	0.078	0.670	0.173	0.078
 158 	  2  	  2  	0.034	0.047	0.862	0.057
 159 	  2  	  2  	0.036	0.052	0.854	0.058
 160 	  2  	  2  	0.032	0.066	0.843	0.059
 161 	  2  	  2  	0.033	0.046	0.874	0.047
 162 	  2  	  2  	0.038	0.057	0.846	0.059
 163 	  2  	  2  	0.046	0.318	0.540	0.097
 164 	  2  	  2  	0.028	0.048	0.883	0.042
 165 	  2  	  2  	0.044	0.043	0.861	0.052
 166 	  2  	  2  	0.031	0.038	0.884	0.048
 167 	  2  	  2  	0.048	0.040	0.858	0.055
 168 	  2  	  2  	0.038	0.032	0.879	0.051
 169 	  2  	  2  	0.036	0.035	0.879	0.049
 170 	  2  	  2  	0.037	0.044	0.870	0.049
 171 	  2  	  2  	0.032	0.045	0.871	0.052
 172 	  2  	  2  	0.038	0.041	0.873	0.048
 173 	  2  	  2  	0.032	0.054	0.860	0.053
 174 	  2  	  2  	0.036	0.031	0.881	0.052
 175 	  2  	  2  	0.033	0.036	0.883	0.048
 176 	  2  	  2  	0.035	0.042	0.875	0.049
 177 	  2  	  2  	0.034	0.035	0.885	0.046
 178 	  2  	  2  	0.034	0.049	0.862	0.056
 179 	  2  	  2  	0.038	0.058	0.854	0.050
 180 	  2  	  2  	0.029	0.039	0.880	0.052
 181 	  2  	  2  	0.035	0.042	0.875	0.049
 182 	  2  	  2  	0.036	0.043	0.871	0.050
 183 	  2  	  2  	0.035	0.054	0.859	0.052
 184 	  2  	  2  	0.029	0.037	0.890	0.044
 185 	  2  	  2  	0.043	0.047	0.858	0.052
 186 	  2  	  2  	0.038	0.058	0.854	0.049
 187 	  2  	  2  	0.034	0.048	0.874	0.044
 188 	  2  	  2  	0.030	0.046	0.876	0.047
 189 	  2  	  2  	0.114	0.082	0.749	0.055
 190 	  2  	  2  	0.033	0.029	0.899	0.039
 191 	  2  	  2  	0.030	0.036	0.888	0.046
 192 	  2  	  2  	0.030	0.042	0.881	0.047
 193 	  2  	  2  	0.047	0.047	0.780	0.125
 194 	  2  	  2  	0.036	0.049	0.850	0.065
 195 	  2  	  2  	0.033	0.060	0.844	0.063
 196 	  2  	  2  	0.032	0.029	0.885	0.054
 197 	  2  	  2  	0.032	0.086	0.815	0.067
 198 	  2  	  2  	0.035	0.046	0.844	0.076
 199 	  2  	  2  	0.031	0.061	0.833	0.075
 200 	  2  	  2  	0.035	0.030	0.877	0.058
 201 	  2  	  2  	0.033	0.044	0.864	0.058
 202 	  2  	  2  	0.033	0.034	0.877	0.057
 203 	  2  	  2  	0.035	0.030	0.877	0.058
 204 	  2  	  2  	0.033	0.038	0.872	0.056
 205 	  2  	  2  	0.033	0.033	0.892	0.043
 206 	  2  	  2  	0.038	0.041	0.878	0.043
 207 	  2  	  2  	0.032	0.033	0.893	0.043
 208 	  2  	  2  	0.032	0.032	0.896	0.040
 209 	  2  	  2  	0.029	0.037	0.888	0.046
 210 	  2  	  2  	0.026	0.030	0.901	0.043
 211 	  2  	  2  	0.023	0.023	0.918	0.037
 212 	  2  	  2  	0.030	0.035	0.891	0.044
 213 	  2  	  2  	0.034	0.028	0.878	0.059
 214 	  2  	  2  	0.027	0.044	0.877	0.052
 215 	  2  	  2  	0.034	0.033	0.885	0.048
 216 	  2  	  2  	0.031	0.037	0.883	0.049
 217 	  2  	  2  	0.034	0.033	0.885	0.048
 218 	  2  	  2  	0.031	0.037	0.883	0.049
 219 	  2  	  2  	0.030	0.033	0.884	0.053
 220 	  2  	  2  	0.029	0.031	0.897	0.043
 221 	  2  	  2  	0.033	0.048	0.873	0.046
 222 	  2  	  2  	0.031	0.034	0.891	0.045
 223 	  2  	  2  	0.031	0.056	0.868	0.045
 224 	  2  	  2  	0.029	0.031	0.897	0.043
 225 	  2  	  2  	0.031	0.034	0.891	0.045
 226 	  2  	  2  	0.037	0.087	0.774	0.102
 227 	  2  	  2  	0.038	0.051	0.856	0.055
 228 	  2  	  2  	0.030	0.046	0.873	0.051
 229 	  2  	  2  	0.040	0.077	0.828	0.056
 230 	  2  	  2  	0.032	0.048	0.870	0.051
 231 	  2  	  2  	0.032	0.048	0.870	0.051
 232 	  2  	  2  	0.030	0.046	0.873	0.051
 233 	  2  	  2  	0.052	0.157	0.731	0.060
 234 	  2  	  2  	0.030	0.048	0.879	0.043
 235 	  2  	  2  	0.050	0.080	0.819	0.051
 236 	  2  	  2  	0.029	0.040	0.886	0.045
 237 	  2  	  2  	0.041	0.076	0.828	0.055
 238 	  2  	  2  	0.028	0.045	0.881	0.046
 239 	  1  	  2  	0.059	0.713	0.156	0.072
 240 	  2  	  2  	0.033	0.041	0.882	0.044
 241 	  2  	  2  	0.031	0.024	0.898	0.046
 242 	  2  	  2  	0.041	0.081	0.829	0.049
 243 	  2  	  2  	0.033	0.032	0.891	0.044
 244 	  2  	  2  	0.034	0.038	0.863	0.065
 245 	  2  	  2  	0.038	0.042	0.876	0.044
 246 	  2  	  2  	0.033	0.050	0.870	0.048
 247 	  2  	  2  	0.027	0.036	0.893	0.044
 248 	  2  	  2  	0.031	0.040	0.882	0.047
 249 	  2  	  2  	0.040	0.041	0.875	0.044
 250 	  2  	  2  	0.045	0.043	0.851	0.061
 251 	  2  	  2  	0.049	0.058	0.843	0.050
 252 	  2  	  2  	0.039	0.059	0.857	0.045
 253 	  2  	  2  	0.036	0.069	0.845	0.050
 254 	  2  	  2  	0.043	0.162	0.726	0.068
 255 	  2  	  2  	0.099	0.396	0.425	0.081
 256 	  2  	  2  	0.038	0.048	0.865	0.049
 257 	  2  	  2  	0.033	0.038	0.881	0.048
 258 	  2  	  2  	0.027	0.033	0.892	0.049
 259 	  1  	  2  	0.190	0.436	0.309	0.065
 260 	  2  	  2  	0.070	0.059	0.823	0.047
 261 	  3  	  3  	0.038	0.058	0.052	0.852
 262 	  3  	  3  	0.040	0.070	0.056	0.834
 263 	  3  	  3  	0.042	0.058	0.057	0.843
 264 	  3  	  3  	0.038	0.051	0.064	0.847
 265 	  3  	  3  	0.047	0.054	0.056	0.843
 266 	  3  	  3  	0.039	0.055	0.072	0.834
 267 	  3  	  3  	0.036	0.055	0.070	0.839
 268 	  3  	  3  	0.036	0.055	0.059	0.850
 269 	  3  	  3  	0.039	0.054	0.079	0.829
 270 	  3  	  3  	0.037	0.055	0.062	0.846
 271 	  3  	  3  	0.033	0.063	0.058	0.846
 272 	  3  	  3  	0.037	0.061	0.057	0.846
 273 	  3  	  3  	0.054	0.060	0.067	0.818
 274 	  3  	  3  	0.035	0.056	0.063	0.846
 275 	  3  	  3  	0.038	0.057	0.061	0.844
 276 	  3  	  3  	0.048	0.054	0.067	0.831
 277 	  3  	  3  	0.037	0.058	0.079	0.826
 278 	  3  	  3  	0.042	0.058	0.062	0.838
 279 	  3  	  3  	0.043	0.055	0.072	0.830
 280 	  3  	  3  	0.033	0.064	0.055	0.848
 281 	  3  	  3  	0.037	0.056	0.065	0.843
 282 	  3  	  3  	0.057	0.061	0.067	0.815
 283 	  3  	  3  	0.033	0.055	0.074	0.838
 284 	  3  	  3  	0.035	0.051	0.074	0.840
 285 	  3  	  3  	0.035	0.051	0.061	0.853
 286 	  3  	  3  	0.144	0.082	0.124	0.650
 287 	  3  	  3  	0.062	0.048	0.053	0.837
 288 	  3  	  3  	0.042	0.062	0.108	0.789
 289 	  3  	  3  	0.034	0.056	0.061	0.849
 290 	  3  	  3  	0.061	0.053	0.119	0.767
 291 	  3  	  3  	0.032	0.062	0.058	0.848
 292 	  3  	  3  	0.029	0.051	0.062	0.858
 293 	  3  	  3  	0.032	0.088	0.069	0.811
 294 	  3  	  3  	0.031	0.069	0.049	0.851
 295 	  3  	  3  	0.029	0.052	0.044	0.875
 296 	  3  	  3  	0.032	0.060	0.043	0.865
 297 	  3  	  3  	0.034	0.053	0.042	0.870
 298 	  3  	  3  	0.032	0.057	0.044	0.867
 299 	  3  	  3  	0.029	0.052	0.048	0.871
 300 	  1  	  3  	0.039	0.511	0.234	0.216
 301 	  3  	  3  	0.031	0.049	0.048	0.872
 302 	  3  	  3  	0.031	0.053	0.042	0.874
 303 	  3  	  3  	0.029	0.055	0.047	0.869
 304 	  3  	  3  	0.032	0.066	0.045	0.857
 305 	  3  	  3  	0.035	0.059	0.050	0.856
 306 	  3  	  3  	0.033	0.056	0.047	0.864
 307 	  3  	  3  	0.030	0.053	0.044	0.873
 308 	  3  	  3  	0.031	0.062	0.045	0.861
 309 	  3  	  3  	0.034	0.056	0.050	0.859
 310 	  3  	  3  	0.031	0.063	0.064	0.843
 311 	  3  	  3  	0.038	0.057	0.085	0.821
 312 	  3  	  3  	0.030	0.051	0.066	0.853
 313 	  3  	  3  	0.034	0.063	0.064	0.839
 314 	  3  	  3  	0.030	0.051	0.067	0.852
 315 	  3  	  3  	0.029	0.045	0.074	0.852
 316 	  3  	  3  	0.033	0.046	0.049	0.872
 317 	  3  	  3  	0.036	0.049	0.051	0.864
 318 	  3  	  3  	0.037	0.055	0.055	0.853
 319 	  3  	  3  	0.037	0.056	0.052	0.855
 320 	  3  	  3  	0.034	0.053	0.050	0.864
 321 	  3  	  3  	0.033	0.052	0.055	0.860
 322 	  3  	  3  	0.034	0.051	0.052	0.863
 323 	  3  	  3  	0.033	0.053	0.053	0.860
 324 	  3  	  3  	0.030	0.048	0.054	0.868
 325 	  3  	  3  	0.034	0.054	0.063	0.849
 326 	  3  	  3  	0.033	0.052	0.051	0.864
 327 	  3  	  3  	0.033	0.056	0.052	0.859
 328 	  3  	  3  	0.030	0.049	0.051	0.871
 329 	  3  	  3  	0.035	0.049	0.055	0.861
 330 	  3  	  3  	0.030	0.051	0.055	0.863
 331 	  3  	  3  	0.039	0.044	0.050	0.867
 332 	  3  	  3  	0.032	0.046	0.051	0.871
 333 	  3  	  3  	0.037	0.048	0.063	0.852
 334 	  3  	  3  	0.032	0.051	0.058	0.859
 335 	  3  	  3  	0.032	0.038	0.058	0.871
 336 	  3  	  3  	0.031	0.055	0.047	0.867
 337 	  3  	  3  	0.034	0.050	0.053	0.863
 338 	  3  	  3  	0.031	0.057	0.056	0.856
 339 	  3  	  3  	0.036	0.036	0.051	0.877
 340 	  3  	  3  	0.033	0.046	0.053	0.868
 341 	  3  	  3  	0.038	0.059	0.080	0.822
 342 	  3  	  3  	0.030	0.049	0.054	0.867
 343 	  3  	  3  	0.032	0.056	0.052	0.860
 344 	  3  	  3  	0.040	0.063	0.063	0.834
 345 	  3  	  3  	0.031	0.060	0.071	0.838
 346 	  3  	  3  	0.048	0.062	0.058	0.831
 347 	  3  	  3  	0.045	0.063	0.061	0.832
 348 	  3  	  3  	0.036	0.060	0.116	0.788
 349 	  3  	  3  	0.044	0.061	0.063	0.831
 350 	  3  	  3  	0.041	0.054	0.080	0.825
 351 	  3  	  3  	0.037	0.059	0.070	0.834
 352 	  3  	  3  	0.045	0.055	0.071	0.829
 353 	  3  	  3  	0.046	0.055	0.053	0.846
 354 	  3  	  3  	0.038	0.054	0.065	0.842
 355 	  3  	  3  	0.044	0.053	0.077	0.826
 356 	  3  	  3  	0.040	0.052	0.112	0.796
 357 	  3  	  3  	0.033	0.067	0.066	0.833
 358 	  3  	  3  	0.038	0.083	0.074	0.806
 359 	  3  	  3  	0.036	0.051	0.089	0.824
 360 	  3  	  3  	0.044	0.063	0.061	0.831
 361 	  3  	  3  	0.033	0.071	0.070	0.826
 362 	  3  	  3  	0.044	0.058	0.072	0.827
 363 	  3  	  3  	0.045	0.057	0.057	0.841
 364 	  3  	  3  	0.039	0.061	0.062	0.838
 365 	  3  	  3  	0.042	0.064	0.066	0.828
 366 	  3  	  3  	0.040	0.056	0.065	0.839
 367 	  3  	  3  	0.034	0.067	0.067	0.833
 368 	  3  	  3  	0.042	0.062	0.089	0.808
 369 	  3  	  3  	0.034	0.060	0.073	0.833
 370 	  3  	  3  	0.042	0.064	0.066	0.828
 371 	  3  	  3  	0.040	0.056	0.065	0.839
 372 	  3  	  3  	0.044	0.058	0.072	0.827
 373 	  3  	  3  	0.045	0.057	0.057	0.841
 374 	  3  	  3  	0.039	0.061	0.062	0.838
 375 	  3  	  3  	0.036	0.066	0.062	0.835
 376 	  3  	  3  	0.037	0.058	0.075	0.830
 377 	  3  	  3  	0.038	0.055	0.071	0.835
 378 	  3  	  3  	0.038	0.060	0.067	0.836
 379 	  3  	  3  	0.034	0.067	0.085	0.814
 380 	  3  	  3  	0.040	0.054	0.081	0.826
 381 	  3  	  3  	0.038	0.061	0.071	0.830
 382 	  3  	  3  	0.043	0.057	0.057	0.842
 383 	  3  	  3  	0.039	0.069	0.055	0.836
 384 	  3  	  3  	0.036	0.060	0.066	0.838
 385 	  3  	  3  	0.045	0.055	0.071	0.829
 386 	  3  	  3  	0.046	0.055	0.053	0.846
 387 	  3  	  3  	0.038	0.054	0.065	0.842
 388 	  3  	  3  	0.044	0.056	0.059	0.841
 389 	  3  	  3  	0.048	0.049	0.083	0.820
 390 	  3  	  3  	0.034	0.073	0.068	0.825
 391 	  3  	  3  	0.040	0.055	0.069	0.835
 392 	  3  	  3  	0.037	0.061	0.065	0.837
 393 	  3  	  3  	0.033	0.061	0.061	0.845
 394 	  3  	  3  	0.036	0.064	0.065	0.835
 395 	  3  	  3  	0.044	0.051	0.078	0.827
 396 	  3  	  3  	0.033	0.064	0.065	0.838
 397 	  3  	  3  	0.037	0.065	0.076	0.822
 398 	  3  	  3  	0.035	0.065	0.069	0.832
 399 	  3  	  3  	0.034	0.060	0.068	0.837
 400 	  3  	  3  	0.043	0.056	0.065	0.836
 401 	  3  	  3  	0.039	0.066	0.056	0.839
 402 	  3  	  3  	0.035	0.064	0.072	0.830
 403 	  3  	  3  	0.044	0.053	0.077	0.826
 404 	  3  	  3  	0.040	0.052	0.112	0.796
 405 	  3  	  3  	0.033	0.067	0.066	0.833
 406 	  3  	  3  	0.035	0.046	0.067	0.853
 407 	  3  	  3  	0.034	0.045	0.065	0.855
 408 	  3  	  3  	0.035	0.046	0.067	0.853
 409 	  3  	  3  	0.033	0.053	0.078	0.835
 410 	  3  	  3  	0.038	0.046	0.066	0.851
 411 	  3  	  3  	0.036	0.067	0.081	0.815
 412 	  3  	  3  	0.039	0.058	0.078	0.825
 413 	  3  	  3  	0.068	0.055	0.106	0.770
 414 	  3  	  3  	0.039	0.061	0.067	0.833
 415 	  3  	  3  	0.039	0.059	0.068	0.834
 416 	  3  	  3  	0.043	0.053	0.069	0.834
 417 	  3  	  3  	0.038	0.062	0.072	0.829
 418 	  3  	  3  	0.042	0.052	0.071	0.835
 419 	  3  	  3  	0.049	0.053	0.072	0.826
 420 	  3  	  3  	0.038	0.059	0.072	0.831
 421 	  3  	  3  	0.040	0.055	0.068	0.837
 422 	  3  	  3  	0.046	0.051	0.068	0.836
 423 	  3  	  3  	0.042	0.055	0.064	0.839
 424 	  3  	  3  	0.042	0.053	0.068	0.838
 425 	  3  	  3  	0.042	0.054	0.071	0.833
 426 	  3  	  3  	0.045	0.059	0.070	0.826
 427 	  3  	  3  	0.042	0.055	0.067	0.836
 428 	  3  	  3  	0.044	0.057	0.062	0.837
 429 	  3  	  3  	0.039	0.059	0.064	0.837
 430 	  3  	  3  	0.037	0.054	0.071	0.838
 431 	  3  	  3  	0.044	0.055	0.060	0.841
 432 	  3  	  3  	0.039	0.069	0.057	0.835
 433 	  3  	  3  	0.030	0.049	0.056	0.866
 434 	  3  	  3  	0.030	0.047	0.058	0.865
 435 	  3  	  3  	0.030	0.049	0.056	0.866
 436 	  3  	  3  	0.030	0.047	0.058	0.865
 437 	  3  	  3  	0.030	0.051	0.070	0.848
 438 	  3  	  3  	0.028	0.053	0.072	0.847
 439 	  3  	  3  	0.043	0.059	0.063	0.835
 440 	  3  	  3  	0.031	0.075	0.090	0.804
 441 	  3  	  3  	0.042	0.063	0.066	0.829
 442 	  3  	  3  	0.043	0.060	0.062	0.835
 443 	  3  	  3  	0.034	0.064	0.071	0.831
 444 	  3  	  3  	0.042	0.063	0.060	0.835
 445 	  3  	  3  	0.039	0.060	0.060	0.841
 446 	  3  	  3  	0.034	0.061	0.068	0.837
 447 	  3  	  3  	0.062	0.064	0.060	0.815
 448 	  3  	  3  	0.031	0.061	0.071	0.837
 449 	  3  	  3  	0.037	0.060	0.064	0.839
 450 	  3  	  3  	0.062	0.064	0.060	0.815
 451 	  3  	  3  	0.031	0.061	0.071	0.837
 452 	  3  	  3  	0.037	0.060	0.064	0.839
 453 	  3  	  3  	0.042	0.063	0.060	0.835
 454 	  3  	  3  	0.039	0.060	0.060	0.841
 455 	  3  	  3  	0.034	0.061	0.068	0.837
 456 	  3  	  3  	0.041	0.065	0.057	0.837
 457 	  3  	  3  	0.042	0.066	0.057	0.835
 458 	  3  	  3  	0.054	0.067	0.066	0.814
 459 	  3  	  3  	0.058	0.066	0.064	0.812
 460 	  3  	  3  	0.051	0.060	0.073	0.816
 461 	  3  	  3  	0.044	0.057	0.088	0.811
 462 	  3  	  3  	0.050	0.063	0.065	0.822
 463 	  3  	  3  	0.055	0.065	0.061	0.819
 464 	  3  	  3  	0.053	0.061	0.074	0.812
 465 	  3  	  3  	0.034	0.052	0.069	0.844
 466 	  3  	  3  	0.033	0.052	0.072	0.844
 467 	  3  	  3  	0.030	0.051	0.061	0.859
 468 	  3  	  3  	0.032	0.088	0.069	0.811
 469 	  3  	  3  	0.039	0.049	0.066	0.846
 470 	  3  	  3  	0.036	0.063	0.072	0.829
 471 	  3  	  3  	0.053	0.056	0.120	0.771
 472 	  3  	  3  	0.041	0.060	0.110	0.790
 473 	  3  	  3  	0.035	0.048	0.074	0.843
 474 	  3  	  3  	0.055	0.039	0.100	0.806
 475 	  3  	  3  	0.033	0.049	0.048	0.869
 476 	  3  	  3  	0.039	0.048	0.048	0.865
 477 	  3  	  3  	0.031	0.053	0.052	0.863
 478 	  3  	  3  	0.032	0.049	0.053	0.866
 479 	  3  	  3  	0.036	0.055	0.047	0.861
 480 	  3  	  3  	0.038	0.045	0.061	0.856
 481 	  3  	  3  	0.030	0.046	0.056	0.868
 482 	  3  	  3  	0.034	0.048	0.051	0.867
 483 	  3  	  3  	0.035	0.062	0.074	0.828
 484 	  3  	  3  	0.041	0.057	0.075	0.827
 485 	  3  	  3  	0.039	0.063	0.063	0.834
 486 	  3  	  3  	0.030	0.049	0.050	0.871
 487 	  3  	  3  	0.034	0.048	0.059	0.860
 488 	  3  	  3  	0.031	0.048	0.052	0.869
 489 	  3  	  3  	0.030	0.051	0.048	0.871
 490 	  3  	  3  	0.040	0.071	0.061	0.828
 491 	  3  	  3  	0.039	0.058	0.059	0.845
 492 	  3  	  3  	0.037	0.059	0.056	0.847
 493 	  3  	  3  	0.034	0.050	0.047	0.869
 494 	  3  	  3  	0.038	0.058	0.067	0.837
 495 	  3  	  3  	0.036	0.053	0.058	0.853
 496 	  3  	  3  	0.031	0.065	0.069	0.835
 497 	  3  	  3  	0.037	0.050	0.046	0.867
 498 	  3  	  3  	0.043	0.056	0.111	0.791
 499 	  3  	  3  	0.044	0.053	0.096	0.806
 500 	  3  	  3  	0.039	0.053	0.062	0.846
 501 	  3  	  3  	0.034	0.045	0.070	0.851
 502 	  3  	  3  	0.037	0.053	0.068	0.841
 503 	  3  	  3  	0.166	0.058	0.216	0.561
 504 	  3  	  3  	0.040	0.060	0.073	0.828
 505 	  3  	  3  	0.035	0.052	0.071	0.842
 506 	  3  	  3  	0.194	0.049	0.241	0.516
 507 	  3  	  3  	0.033	0.058	0.071	0.838
 508 	  3  	  3  	0.048	0.331	0.223	0.398
 509 	  3  	  3  	0.030	0.066	0.065	0.840
 510 	  3  	  3  	0.029	0.042	0.057	0.872
 511 	  3  	  3  	0.031	0.048	0.057	0.864
 512 	  3  	  3  	0.033	0.056	0.053	0.858
 513 	  3  	  3  	0.031	0.048	0.047	0.874
 514 	  0  	  3  	0.530	0.052	0.231	0.187
 515 	  0  	  3  	0.837	0.048	0.072	0.043
 516 	  0  	  3  	0.395	0.085	0.145	0.375
 517 	  0  	  3  	0.339	0.056	0.312	0.292
 518 	  0  	  3  	0.889	0.037	0.029	0.044
 519 	  0  	  3  	0.360	0.083	0.199	0.358
 520 	  0  	  3  	0.387	0.114	0.304	0.195
 521 	  0  	  3  	0.879	0.028	0.054	0.039
 522 	  2  	  3  	0.126	0.167	0.381	0.326
 523 	  0  	  3  	0.530	0.052	0.231	0.187
 524 	  0  	  3  	0.871	0.039	0.049	0.042
 525 	  0  	  3  	0.395	0.085	0.145	0.375
 526 	  0  	  3  	0.454	0.058	0.271	0.217
 527 	  0  	  3  	0.880	0.028	0.051	0.041
 528 	  0  	  3  	0.580	0.074	0.096	0.250
 529 	  0  	  3  	0.454	0.058	0.271	0.217
 530 	  0  	  3  	0.880	0.028	0.051	0.041
 531 	  0  	  3  	0.580	0.074	0.096	0.250
 532 	  2  	  3  	0.345	0.100	0.351	0.204
 533 	  0  	  3  	0.867	0.030	0.057	0.046
 534 	  2  	  3  	0.139	0.191	0.382	0.287
 535 	  2  	  3  	0.285	0.060	0.389	0.265
 536 	  0  	  3  	0.882	0.039	0.032	0.047
 537 	  0  	  3  	0.731	0.033	0.102	0.133
 538 	  2  	  3  	0.104	0.085	0.409	0.402
 539 	  0  	  0  	0.886	0.037	0.049	0.029
 540 	  0  	  0  	0.883	0.035	0.046	0.036
 541 	  0  	  0  	0.883	0.043	0.040	0.034
 542 	  0  	  0  	0.883	0.039	0.042	0.036
 543 	  0  	  0  	0.889	0.036	0.041	0.034
 544 	  0  	  0  	0.886	0.037	0.049	0.029
 545 	  0  	  0  	0.883	0.035	0.046	0.036
 546 	  0  	  0  	0.883	0.043	0.040	0.034
 547 	  0  	  0  	0.884	0.041	0.043	0.032
 548 	  0  	  0  	0.899	0.034	0.036	0.032
 549 	  0  	  0  	0.882	0.040	0.043	0.035
 550 	  0  	  0  	0.877	0.048	0.043	0.032
 551 	  0  	  0  	0.883	0.042	0.042	0.033
 552 	  0  	  0  	0.883	0.039	0.047	0.031
 553 	  0  	  0  	0.892	0.033	0.042	0.032
 554 	  0  	  0  	0.884	0.042	0.043	0.031
 555 	  0  	  0  	0.746	0.125	0.066	0.063
 556 	  0  	  0  	0.874	0.039	0.057	0.030
 557 	  0  	  0  	0.883	0.041	0.041	0.035
 558 	  0  	  0  	0.888	0.036	0.047	0.029
 559 	  0  	  0  	0.874	0.037	0.057	0.032
 560 	  0  	  0  	0.886	0.036	0.043	0.035
 561 	  0  	  0  	0.885	0.042	0.040	0.033
 562 	  0  	  0  	0.898	0.037	0.035	0.030
 563 	  0  	  0  	0.896	0.039	0.035	0.030
 564 	  0  	  0  	0.897	0.038	0.035	0.031
 565 	  0  	  0  	0.898	0.038	0.034	0.030
 566 	  0  	  0  	0.884	0.042	0.040	0.034
 567 	  0  	  0  	0.898	0.037	0.036	0.029
 568 	  0  	  0  	0.881	0.040	0.044	0.035
 569 	  0  	  0  	0.887	0.037	0.038	0.038
 570 	  0  	  0  	0.880	0.042	0.038	0.040
 571 	  0  	  0  	0.898	0.031	0.040	0.031
 572 	  0  	  0  	0.881	0.032	0.057	0.030
 573 	  0  	  0  	0.882	0.038	0.047	0.034
 574 	  0  	  0  	0.883	0.037	0.046	0.033
 575 	  0  	  0  	0.895	0.037	0.039	0.029
 576 	  0  	  0  	0.880	0.040	0.044	0.036
 577 	  0  	  0  	0.887	0.035	0.040	0.037
 578 	  0  	  0  	0.842	0.043	0.055	0.059
 579 	  0  	  0  	0.898	0.033	0.040	0.030
 580 	  0  	  0  	0.884	0.042	0.043	0.032
 581 	  0  	  0  	0.887	0.041	0.039	0.032
 582 	  0  	  0  	0.898	0.030	0.042	0.030
 583 	  0  	  0  	0.883	0.041	0.041	0.034
 584 	  0  	  0  	0.886	0.042	0.039	0.032
 585 	  0  	  0  	0.898	0.036	0.036	0.031
 586 	  0  	  0  	0.899	0.034	0.035	0.032
 587 	  0  	  0  	0.891	0.041	0.036	0.031
 588 	  0  	  0  	0.897	0.033	0.039	0.031
 589 	  0  	  0  	0.881	0.035	0.054	0.030
 590 	  0  	  0  	0.894	0.038	0.038	0.030
 591 	  0  	  0  	0.899	0.033	0.038	0.030
 592 	  0  	  0  	0.900	0.030	0.041	0.028
 593 	  0  	  0  	0.884	0.042	0.041	0.033
 594 	  0  	  0  	0.898	0.033	0.040	0.029
 595 	  0  	  0  	0.880	0.043	0.042	0.035
 596 	  0  	  0  	0.884	0.042	0.041	0.033
 597 	  0  	  0  	0.895	0.033	0.042	0.030
 598 	  0  	  0  	0.880	0.039	0.045	0.035
 599 	  0  	  0  	0.880	0.045	0.042	0.033
 600 	  0  	  0  	0.879	0.042	0.045	0.034
 601 	  0  	  0  	0.880	0.041	0.041	0.038
 602 	  0  	  0  	0.890	0.036	0.037	0.037
 603 	  0  	  0  	0.887	0.047	0.034	0.032
 604 	  0  	  0  	0.898	0.036	0.037	0.029
 605 	  0  	  0  	0.884	0.038	0.046	0.031
 606 	  0  	  0  	0.892	0.035	0.041	0.031
 607 	  0  	  0  	0.906	0.031	0.033	0.030
 608 	  0  	  0  	0.904	0.033	0.032	0.031
 609 	  0  	  0  	0.898	0.034	0.039	0.029
 610 	  0  	  0  	0.896	0.033	0.038	0.033
 611 	  0  	  0  	0.899	0.032	0.036	0.033
 612 	  0  	  0  	0.898	0.032	0.037	0.032
 613 	  0  	  0  	0.890	0.036	0.046	0.029
 614 	  0  	  0  	0.887	0.036	0.049	0.029
 615 	  0  	  0  	0.885	0.036	0.049	0.030
 616 	  0  	  0  	0.893	0.038	0.028	0.041
 617 	  0  	  0  	0.894	0.035	0.035	0.035
 618 	  0  	  0  	0.887	0.040	0.039	0.034
 619 	  0  	  0  	0.899	0.033	0.035	0.034
 620 	  0  	  0  	0.858	0.056	0.037	0.049
 621 	  0  	  0  	0.894	0.033	0.036	0.037
 622 	  0  	  0  	0.882	0.037	0.039	0.042
 623 	  0  	  0  	0.893	0.034	0.037	0.036
 624 	  0  	  0  	0.890	0.035	0.036	0.039
 625 	  0  	  0  	0.890	0.036	0.036	0.038
 626 	  0  	  0  	0.895	0.035	0.036	0.034
 627 	  0  	  0  	0.892	0.035	0.038	0.035
 628 	  0  	  0  	0.885	0.036	0.036	0.043
 629 	  0  	  0  	0.893	0.033	0.034	0.039
 630 	  0  	  0  	0.895	0.034	0.035	0.037
 631 	  0  	  0  	0.860	0.049	0.044	0.046
 632 	  0  	  0  	0.887	0.033	0.037	0.043
 633 	  0  	  0  	0.660	0.091	0.086	0.163
 634 	  0  	  0  	0.886	0.035	0.036	0.043
 635 	  0  	  0  	0.822	0.052	0.049	0.077
 636 	  0  	  0  	0.832	0.041	0.043	0.084
 637 	  0  	  0  	0.886	0.036	0.036	0.042
 638 	  0  	  0  	0.891	0.034	0.041	0.033
 639 	  0  	  0  	0.887	0.037	0.042	0.035
 640 	  0  	  0  	0.889	0.034	0.043	0.033
 641 	  0  	  0  	0.881	0.045	0.043	0.032
 642 	  0  	  0  	0.892	0.035	0.041	0.031
 643 	  0  	  0  	0.898	0.032	0.036	0.035
 644 	  0  	  0  	0.889	0.026	0.054	0.031
 645 	  0  	  0  	0.886	0.031	0.052	0.031
 646 	  0  	  0  	0.887	0.036	0.045	0.031
 647 	  0  	  0  	0.881	0.045	0.041	0.033
 648 	  0  	  0  	0.881	0.042	0.043	0.034
 649 	  0  	  0  	0.894	0.036	0.036	0.034
 650 	  0  	  0  	0.874	0.041	0.052	0.033
 651 	  0  	  0  	0.874	0.045	0.047	0.034
 652 	  0  	  0  	0.889	0.037	0.038	0.035
 653 	  0  	  0  	0.891	0.038	0.037	0.034
 654 	  0  	  0  	0.882	0.040	0.041	0.037
 655 	  0  	  0  	0.893	0.038	0.035	0.033
 656 	  0  	  0  	0.893	0.036	0.038	0.033
 657 	  0  	  0  	0.882	0.044	0.041	0.033
 658 	  0  	  0  	0.892	0.041	0.035	0.032
 659 	  0  	  0  	0.883	0.038	0.044	0.035
 660 	  0  	  0  	0.872	0.053	0.041	0.034
 661 	  0  	  0  	0.878	0.046	0.041	0.035
 662 	  0  	  0  	0.882	0.036	0.047	0.034
 663 	  0  	  0  	0.870	0.046	0.048	0.036
 664 	  0  	  0  	0.873	0.054	0.039	0.034
 665 	  0  	  0  	0.885	0.044	0.039	0.031
 666 	  0  	  0  	0.883	0.045	0.041	0.031
 667 	  0  	  0  	0.890	0.042	0.036	0.032
 668 	  0  	  0  	0.883	0.045	0.041	0.031
 669 	  0  	  0  	0.887	0.042	0.041	0.030
 670 	  0  	  0  	0.885	0.042	0.042	0.031
 671 	  0  	  0  	0.881	0.039	0.049	0.032
 672 	  0  	  0  	0.881	0.047	0.040	0.033
 673 	  0  	  0  	0.889	0.027	0.051	0.033
 674 	  0  	  0  	0.849	0.080	0.029	0.042
 675 	  0  	  0  	0.880	0.047	0.037	0.036
 676 	  0  	  0  	0.882	0.034	0.051	0.033
 677 	  0  	  0  	0.894	0.033	0.036	0.037
 678 	  0  	  0  	0.892	0.036	0.036	0.036
 679 	  0  	  0  	0.893	0.031	0.038	0.037
 680 	  0  	  0  	0.897	0.032	0.040	0.031
 681 	  0  	  0  	0.885	0.043	0.039	0.033
 682 	  0  	  0  	0.886	0.044	0.039	0.031
 683 	  0  	  0  	0.887	0.043	0.039	0.031
 684 	  0  	  0  	0.889	0.042	0.038	0.032
 685 	  0  	  0  	0.894	0.034	0.039	0.032
 686 	  0  	  0  	0.895	0.033	0.039	0.033
 687 	  0  	  0  	0.873	0.040	0.051	0.036
 688 	  0  	  0  	0.889	0.042	0.036	0.033
 689 	  0  	  0  	0.891	0.038	0.037	0.034
 690 	  0  	  0  	0.882	0.040	0.041	0.037
 691 	  0  	  0  	0.893	0.038	0.035	0.033
 692 	  0  	  0  	0.884	0.035	0.049	0.032
 693 	  0  	  0  	0.883	0.027	0.054	0.036
 694 	  0  	  0  	0.882	0.036	0.051	0.031
 695 	  0  	  0  	0.884	0.036	0.047	0.033
 696 	  0  	  0  	0.860	0.035	0.054	0.050
 697 	  0  	  0  	0.886	0.039	0.044	0.031
 698 	  0  	  0  	0.893	0.036	0.038	0.033
 699 	  0  	  0  	0.880	0.036	0.050	0.034
 700 	  0  	  0  	0.888	0.044	0.035	0.034
 701 	  0  	  0  	0.893	0.036	0.038	0.033
 702 	  0  	  0  	0.882	0.044	0.041	0.033
 703 	  0  	  0  	0.892	0.041	0.035	0.032
 704 	  0  	  0  	0.867	0.046	0.044	0.044
 705 	  0  	  0  	0.887	0.038	0.042	0.033
 706 	  0  	  0  	0.888	0.036	0.041	0.035
 707 	  0  	  0  	0.884	0.037	0.046	0.033
 708 	  0  	  0  	0.881	0.041	0.045	0.033
 709 	  0  	  0  	0.891	0.035	0.040	0.034
 710 	  0  	  0  	0.884	0.032	0.054	0.030
 711 	  0  	  0  	0.883	0.037	0.043	0.036
 712 	  0  	  0  	0.867	0.046	0.044	0.044
 713 	  0  	  0  	0.887	0.036	0.041	0.036
 714 	  0  	  0  	0.869	0.047	0.042	0.042
 715 	  0  	  0  	0.884	0.033	0.046	0.037
 716 	  0  	  0  	0.886	0.035	0.045	0.034
 717 	  0  	  0  	0.879	0.037	0.053	0.032
 718 	  0  	  0  	0.883	0.036	0.050	0.032
 719 	  0  	  0  	0.859	0.035	0.070	0.036
 720 	  0  	  0  	0.877	0.035	0.055	0.033
 721 	  0  	  0  	0.892	0.040	0.037	0.032
 722 	  0  	  0  	0.881	0.034	0.052	0.033
 723 	  0  	  0  	0.885	0.043	0.040	0.032
 724 	  0  	  0  	0.889	0.034	0.044	0.032
 725 	  0  	  0  	0.890	0.038	0.038	0.033
 726 	  0  	  0  	0.882	0.042	0.045	0.031
 727 	  0  	  0  	0.882	0.036	0.045	0.036
 728 	  0  	  0  	0.880	0.042	0.045	0.033
 729 	  0  	  0  	0.862	0.037	0.066	0.035
 730 	  0  	  0  	0.882	0.041	0.045	0.033
 731 	  0  	  0  	0.881	0.041	0.046	0.032
 732 	  0  	  0  	0.874	0.034	0.059	0.033
 733 	  0  	  0  	0.879	0.037	0.047	0.038
 734 	  0  	  0  	0.884	0.041	0.045	0.031
 735 	  0  	  0  	0.883	0.039	0.047	0.032
 736 	  0  	  0  	0.881	0.036	0.050	0.034
 737 	  0  	  0  	0.887	0.037	0.041	0.035
 738 	  0  	  0  	0.877	0.041	0.048	0.034
 739 	  0  	  0  	0.885	0.037	0.044	0.033
 740 	  0  	  0  	0.890	0.039	0.040	0.031
 741 	  0  	  0  	0.882	0.039	0.045	0.034
 742 	  0  	  0  	0.884	0.044	0.040	0.032
 743 	  0  	  0  	0.886	0.044	0.038	0.031
 744 	  0  	  0  	0.879	0.023	0.055	0.044
 745 	  0  	  0  	0.873	0.045	0.037	0.044
 746 	  0  	  0  	0.882	0.046	0.041	0.032
 747 	  0  	  0  	0.896	0.027	0.043	0.033
 748 	  0  	  0  	0.891	0.036	0.041	0.032
 749 	  0  	  0  	0.888	0.039	0.041	0.032
 750 	  0  	  0  	0.887	0.038	0.043	0.032
 751 	  0  	  0  	0.885	0.042	0.038	0.035
 752 	  0  	  0  	0.896	0.033	0.040	0.030
 753 	  0  	  0  	0.888	0.039	0.041	0.032
 754 	  0  	  0  	0.889	0.036	0.039	0.036
 755 	  0  	  0  	0.896	0.034	0.033	0.038
 756 	  0  	  0  	0.887	0.038	0.043	0.032
 757 	  0  	  0  	0.879	0.041	0.039	0.042
 758 	  0  	  0  	0.880	0.041	0.046	0.033
 759 	  0  	  0  	0.880	0.043	0.041	0.036
 760 	  0  	  0  	0.881	0.040	0.040	0.039
 761 	  0  	  0  	0.874	0.033	0.060	0.033
 762 	  0  	  0  	0.877	0.045	0.043	0.035
 763 	  0  	  0  	0.889	0.041	0.033	0.037
 764 	  0  	  0  	0.888	0.041	0.033	0.038
 765 	  0  	  0  	0.885	0.037	0.042	0.036
 766 	  0  	  0  	0.872	0.042	0.035	0.052
 767 	  0  	  0  	0.882	0.039	0.044	0.035
 768 	  0  	  0  	0.879	0.039	0.034	0.048
 769 	  0  	  0  	0.900	0.038	0.032	0.029
 770 	  0  	  0  	0.892	0.035	0.035	0.037
 771 	  0  	  0  	0.889	0.041	0.033	0.037
 772 	  0  	  0  	0.892	0.041	0.032	0.035
 773 	  0  	  0  	0.888	0.041	0.033	0.038
 774 	  0  	  0  	0.886	0.038	0.041	0.035
 775 	  0  	  0  	0.886	0.039	0.039	0.036
 776 	  0  	  0  	0.885	0.037	0.042	0.036
 777 	  0  	  0  	0.872	0.042	0.035	0.052
 778 	  0  	  0  	0.885	0.032	0.049	0.034
 779 	  0  	  0  	0.882	0.039	0.044	0.035
 780 	  0  	  0  	0.879	0.039	0.034	0.048
 781 	  0  	  0  	0.873	0.038	0.044	0.045
 782 	  0  	  0  	0.870	0.039	0.043	0.048
 783 	  0  	  0  	0.876	0.042	0.041	0.040
 784 	  0  	  0  	0.874	0.035	0.047	0.044
 785 	  0  	  0  	0.880	0.035	0.046	0.039
 786 	  0  	  0  	0.880	0.037	0.043	0.040
 787 	  0  	  0  	0.881	0.035	0.052	0.032
 788 	  0  	  0  	0.883	0.034	0.049	0.034
 789 	  0  	  0  	0.882	0.045	0.038	0.034
 790 	  0  	  0  	0.879	0.039	0.052	0.031
 791 	  0  	  0  	0.882	0.034	0.053	0.031
 792 	  0  	  0  	0.894	0.032	0.041	0.033
 793 	  0  	  0  	0.882	0.043	0.043	0.032
 794 	  0  	  0  	0.878	0.034	0.045	0.043
 795 	  0  	  0  	0.889	0.041	0.037	0.033
 796 	  0  	  0  	0.897	0.032	0.035	0.036
 797 	  0  	  0  	0.903	0.032	0.030	0.035
 798 	  0  	  0  	0.892	0.040	0.035	0.033
 799 	  0  	  0  	0.725	0.060	0.058	0.156
 800 	  0  	  0  	0.886	0.040	0.038	0.036
 801 	  0  	  0  	0.770	0.054	0.054	0.122
 802 	  0  	  0  	0.896	0.030	0.034	0.040
 803 	  0  	  0  	0.885	0.038	0.040	0.036
 804 	  0  	  0  	0.892	0.037	0.036	0.034
 805 	  0  	  0  	0.901	0.038	0.033	0.028
 806 	  0  	  0  	0.889	0.034	0.035	0.042
 807 	  0  	  0  	0.866	0.062	0.036	0.036
 808 	  0  	  0  	0.882	0.042	0.042	0.034
 809 	  0  	  0  	0.888	0.038	0.039	0.036
 810 	  0  	  0  	0.887	0.044	0.038	0.031
 811 	  0  	  0  	0.892	0.041	0.036	0.031
 812 	  0  	  0  	0.893	0.040	0.036	0.031
 813 	  0  	  0  	0.882	0.037	0.045	0.036
 814 	  0  	  0  	0.894	0.032	0.035	0.039
 815 	  0  	  0  	0.888	0.045	0.036	0.032
 816 	  0  	  0  	0.887	0.033	0.048	0.032
 817 	  0  	  0  	0.893	0.032	0.040	0.035
 818 	  0  	  0  	0.884	0.041	0.044	0.031
 819 	  0  	  0  	0.444	0.305	0.101	0.151
 820 	  0  	  0  	0.862	0.027	0.074	0.038
 821 	  0  	  0  	0.832	0.069	0.043	0.056
 822 	  0  	  0  	0.889	0.027	0.051	0.033
 823 	  0  	  0  	0.875	0.060	0.030	0.035
 824 	  0  	  0  	0.885	0.036	0.045	0.034
 825 	  0  	  0  	0.885	0.041	0.042	0.033
 826 	  0  	  0  	0.904	0.036	0.032	0.028
 827 	  0  	  0  	0.884	0.037	0.037	0.042
 828 	  0  	  0  	0.885	0.039	0.037	0.039
 829 	  0  	  0  	0.845	0.045	0.042	0.068
 830 	  0  	  0  	0.885	0.036	0.046	0.033
 831 	  0  	  0  	0.884	0.038	0.045	0.033
 832 	  0  	  0  	0.866	0.052	0.042	0.040
 833 	  0  	  0  	0.889	0.040	0.039	0.031
 834 	  0  	  0  	0.888	0.042	0.039	0.032
 835 	  0  	  0  	0.892	0.039	0.027	0.042
 836 	  0  	  0  	0.887	0.037	0.040	0.036
 837 	  0  	  0  	0.895	0.037	0.030	0.038
 838 	  0  	  0  	0.890	0.038	0.038	0.034
 839 	  0  	  0  	0.884	0.039	0.038	0.039
 840 	  0  	  0  	0.891	0.031	0.036	0.042
 841 	  0  	  0  	0.891	0.038	0.035	0.037
 842 	  0  	  0  	0.888	0.036	0.040	0.036
 843 	  0  	  0  	0.858	0.036	0.072	0.033
 844 	  0  	  0  	0.906	0.029	0.032	0.033
 845 	  0  	  0  	0.829	0.044	0.092	0.035
 846 	  0  	  0  	0.867	0.048	0.053	0.032
 847 	  0  	  0  	0.905	0.029	0.036	0.030
 848 	  0  	  0  	0.874	0.039	0.048	0.039
 849 	  0  	  0  	0.905	0.029	0.036	0.030
 850 	  0  	  0  	0.874	0.039	0.048	0.039
 851 	  0  	  0  	0.898	0.025	0.042	0.034
 852 	  0  	  0  	0.880	0.036	0.047	0.037
 853 	  0  	  0  	0.635	0.216	0.091	0.059
 854 	  0  	  0  	0.866	0.031	0.042	0.061
