  no	pred	real	Good	Contact	Radius	Hole
  0  	  1  	  1  	0.003	0.933	0.047	0.016
  1  	  1  	  1  	0.001	0.986	0.003	0.010
  2  	  1  	  1  	0.003	0.922	0.064	0.011
  3  	  1  	  1  	0.002	0.975	0.010	0.013
  4  	  1  	  1  	0.003	0.933	0.047	0.016
  5  	  1  	  1  	0.001	0.986	0.003	0.010
  6  	  1  	  1  	0.003	0.855	0.114	0.028
  7  	  1  	  1  	0.006	0.972	0.011	0.011
  8  	  1  	  1  	0.002	0.983	0.002	0.013
  9  	  1  	  1  	0.003	0.864	0.113	0.019
 10  	  1  	  1  	0.003	0.926	0.052	0.019
 11  	  1  	  1  	0.003	0.961	0.010	0.027
 12  	  1  	  1  	0.002	0.899	0.077	0.022
 13  	  1  	  1  	0.004	0.956	0.026	0.014
 14  	  1  	  1  	0.002	0.981	0.005	0.012
 15  	  1  	  1  	0.005	0.968	0.017	0.011
 16  	  1  	  1  	0.004	0.965	0.018	0.013
 17  	  1  	  1  	0.002	0.988	0.006	0.004
 18  	  3  	  1  	0.016	0.382	0.052	0.550
 19  	  1  	  1  	0.001	0.991	0.003	0.005
 20  	  1  	  1  	0.004	0.979	0.003	0.014
 21  	  1  	  1  	0.005	0.977	0.003	0.015
 22  	  1  	  1  	0.002	0.834	0.129	0.034
 23  	  1  	  1  	0.003	0.804	0.151	0.043
 24  	  1  	  1  	0.004	0.983	0.006	0.006
 25  	  1  	  1  	0.008	0.980	0.005	0.008
 26  	  1  	  1  	0.007	0.981	0.005	0.008
 27  	  1  	  1  	0.006	0.986	0.003	0.006
 28  	  1  	  1  	0.008	0.976	0.007	0.009
 29  	  1  	  1  	0.005	0.988	0.003	0.005
 30  	  1  	  1  	0.007	0.983	0.004	0.007
 31  	  1  	  1  	0.006	0.983	0.004	0.007
 32  	  1  	  1  	0.009	0.972	0.008	0.011
 33  	  1  	  1  	0.006	0.987	0.002	0.005
 34  	  1  	  1  	0.007	0.982	0.004	0.007
 35  	  1  	  1  	0.005	0.987	0.002	0.006
 36  	  1  	  1  	0.004	0.989	0.002	0.005
 37  	  1  	  1  	0.004	0.903	0.079	0.013
 38  	  1  	  1  	0.006	0.929	0.015	0.049
 39  	  1  	  1  	0.004	0.951	0.033	0.013
 40  	  1  	  1  	0.002	0.932	0.040	0.026
 41  	  1  	  1  	0.003	0.949	0.035	0.013
 42  	  1  	  1  	0.004	0.903	0.079	0.013
 43  	  1  	  1  	0.004	0.951	0.033	0.013
 44  	  1  	  1  	0.002	0.932	0.040	0.026
 45  	  1  	  1  	0.003	0.949	0.035	0.013
 46  	  1  	  1  	0.004	0.938	0.045	0.013
 47  	  1  	  1  	0.004	0.943	0.040	0.014
 48  	  1  	  1  	0.002	0.908	0.065	0.025
 49  	  1  	  1  	0.003	0.944	0.040	0.012
 50  	  1  	  1  	0.006	0.977	0.011	0.006
 51  	  1  	  1  	0.003	0.948	0.035	0.013
 52  	  1  	  1  	0.003	0.901	0.082	0.014
 53  	  1  	  1  	0.005	0.891	0.085	0.019
 54  	  1  	  1  	0.003	0.948	0.035	0.013
 55  	  1  	  1  	0.003	0.901	0.082	0.014
 56  	  1  	  1  	0.005	0.891	0.085	0.019
 57  	  1  	  1  	0.004	0.941	0.044	0.011
 58  	  1  	  1  	0.003	0.900	0.079	0.018
 59  	  1  	  1  	0.002	0.980	0.008	0.010
 60  	  1  	  1  	0.003	0.975	0.011	0.011
 61  	  1  	  1  	0.004	0.970	0.010	0.015
 62  	  1  	  1  	0.002	0.985	0.006	0.007
 63  	  1  	  1  	0.005	0.751	0.019	0.225
 64  	  1  	  1  	0.004	0.970	0.010	0.015
 65  	  1  	  1  	0.006	0.621	0.020	0.353
 66  	  1  	  1  	0.003	0.921	0.030	0.045
 67  	  2  	  1  	0.007	0.425	0.543	0.025
 68  	  1  	  1  	0.003	0.923	0.042	0.032
 69  	  1  	  1  	0.009	0.838	0.065	0.088
 70  	  1  	  1  	0.004	0.692	0.289	0.015
 71  	  1  	  1  	0.003	0.881	0.100	0.015
 72  	  1  	  1  	0.005	0.969	0.019	0.008
 73  	  1  	  1  	0.003	0.893	0.088	0.016
 74  	  1  	  1  	0.004	0.976	0.005	0.015
 75  	  1  	  1  	0.009	0.961	0.013	0.018
 76  	  1  	  1  	0.005	0.969	0.019	0.008
 77  	  1  	  1  	0.004	0.976	0.005	0.015
 78  	  1  	  1  	0.003	0.889	0.086	0.021
 79  	  1  	  1  	0.003	0.884	0.088	0.025
 80  	  1  	  1  	0.003	0.880	0.095	0.022
 81  	  1  	  1  	0.003	0.861	0.108	0.027
 82  	  1  	  1  	0.005	0.777	0.173	0.046
 83  	  1  	  1  	0.002	0.964	0.022	0.012
 84  	  1  	  1  	0.002	0.988	0.003	0.007
 85  	  1  	  1  	0.003	0.842	0.135	0.020
 86  	  1  	  1  	0.005	0.734	0.189	0.072
 87  	  1  	  1  	0.002	0.958	0.029	0.011
 88  	  1  	  1  	0.001	0.992	0.001	0.006
 89  	  1  	  1  	0.003	0.842	0.135	0.020
 90  	  1  	  1  	0.004	0.926	0.055	0.015
 91  	  1  	  1  	0.007	0.918	0.031	0.044
 92  	  1  	  1  	0.003	0.932	0.051	0.015
 93  	  1  	  1  	0.002	0.985	0.001	0.012
 94  	  1  	  1  	0.004	0.986	0.004	0.006
 95  	  1  	  1  	0.003	0.842	0.135	0.020
 96  	  1  	  1  	0.003	0.915	0.070	0.012
 97  	  1  	  1  	0.004	0.925	0.055	0.016
 98  	  1  	  1  	0.004	0.936	0.048	0.012
 99  	  1  	  1  	0.003	0.958	0.025	0.014
 100 	  1  	  1  	0.002	0.982	0.003	0.013
 101 	  1  	  1  	0.007	0.843	0.141	0.008
 102 	  1  	  1  	0.003	0.969	0.021	0.006
 103 	  1  	  1  	0.002	0.984	0.008	0.005
 104 	  1  	  1  	0.002	0.985	0.009	0.004
 105 	  1  	  1  	0.004	0.962	0.006	0.027
 106 	  1  	  1  	0.003	0.921	0.065	0.011
 107 	  1  	  1  	0.002	0.951	0.028	0.019
 108 	  1  	  1  	0.005	0.969	0.003	0.024
 109 	  1  	  1  	0.005	0.981	0.007	0.007
 110 	  1  	  1  	0.005	0.885	0.103	0.007
 111 	  1  	  1  	0.004	0.896	0.082	0.019
 112 	  1  	  1  	0.005	0.904	0.073	0.018
 113 	  1  	  1  	0.005	0.597	0.384	0.015
 114 	  1  	  1  	0.003	0.893	0.088	0.015
 115 	  1  	  1  	0.009	0.847	0.133	0.012
 116 	  1  	  1  	0.008	0.931	0.049	0.013
 117 	  1  	  1  	0.003	0.903	0.008	0.086
 118 	  1  	  1  	0.003	0.967	0.021	0.010
 119 	  1  	  1  	0.003	0.908	0.073	0.017
 120 	  1  	  1  	0.002	0.926	0.047	0.025
 121 	  1  	  1  	0.002	0.984	0.003	0.012
 122 	  1  	  1  	0.004	0.927	0.057	0.011
 123 	  1  	  1  	0.004	0.943	0.038	0.015
 124 	  1  	  1  	0.002	0.920	0.049	0.029
 125 	  1  	  1  	0.002	0.975	0.010	0.013
 126 	  1  	  1  	0.004	0.948	0.034	0.014
 127 	  1  	  1  	0.002	0.939	0.045	0.013
 128 	  1  	  1  	0.002	0.931	0.040	0.028
 129 	  1  	  1  	0.005	0.913	0.064	0.018
 130 	  1  	  1  	0.003	0.926	0.060	0.011
 131 	  1  	  1  	0.002	0.972	0.012	0.013
 132 	  1  	  1  	0.003	0.976	0.004	0.017
 133 	  1  	  1  	0.005	0.978	0.009	0.008
 134 	  1  	  1  	0.003	0.932	0.049	0.016
 135 	  1  	  1  	0.002	0.960	0.028	0.010
 136 	  1  	  1  	0.005	0.920	0.053	0.021
 137 	  1  	  1  	0.004	0.970	0.003	0.022
 138 	  1  	  1  	0.004	0.708	0.272	0.015
 139 	  1  	  1  	0.003	0.903	0.080	0.014
 140 	  1  	  1  	0.002	0.983	0.009	0.006
 141 	  1  	  1  	0.003	0.985	0.003	0.010
 142 	  1  	  1  	0.004	0.736	0.238	0.021
 143 	  1  	  1  	0.005	0.755	0.154	0.086
 144 	  1  	  1  	0.002	0.828	0.157	0.013
 145 	  1  	  1  	0.005	0.846	0.126	0.022
 146 	  2  	  2  	0.002	0.141	0.850	0.006
 147 	  2  	  2  	0.005	0.006	0.983	0.006
 148 	  2  	  2  	0.005	0.006	0.983	0.006
 149 	  2  	  2  	0.005	0.006	0.984	0.005
 150 	  2  	  2  	0.005	0.003	0.988	0.004
 151 	  2  	  2  	0.004	0.020	0.953	0.023
 152 	  2  	  2  	0.001	0.013	0.980	0.006
 153 	  2  	  2  	0.002	0.011	0.977	0.010
 154 	  2  	  2  	0.002	0.011	0.978	0.010
 155 	  2  	  2  	0.002	0.012	0.976	0.011
 156 	  2  	  2  	0.005	0.031	0.940	0.024
 157 	  2  	  2  	0.002	0.068	0.924	0.006
 158 	  2  	  2  	0.012	0.003	0.975	0.010
 159 	  2  	  2  	0.011	0.003	0.977	0.008
 160 	  2  	  2  	0.011	0.003	0.976	0.010
 161 	  2  	  2  	0.014	0.003	0.978	0.005
 162 	  2  	  2  	0.001	0.027	0.967	0.005
 163 	  2  	  2  	0.001	0.025	0.968	0.007
 164 	  2  	  2  	0.004	0.012	0.980	0.004
 165 	  2  	  2  	0.003	0.003	0.988	0.007
 166 	  2  	  2  	0.004	0.009	0.972	0.015
 167 	  2  	  2  	0.003	0.028	0.968	0.001
 168 	  2  	  2  	0.004	0.032	0.926	0.038
 169 	  2  	  2  	0.005	0.027	0.851	0.117
 170 	  2  	  2  	0.003	0.007	0.987	0.003
 171 	  2  	  2  	0.003	0.019	0.974	0.005
 172 	  2  	  2  	0.002	0.015	0.979	0.003
 173 	  2  	  2  	0.003	0.048	0.942	0.008
 174 	  2  	  2  	0.009	0.012	0.971	0.008
 175 	  2  	  2  	0.002	0.001	0.992	0.005
 176 	  2  	  2  	0.002	0.005	0.984	0.010
 177 	  2  	  2  	0.001	0.003	0.988	0.007
 178 	  2  	  2  	0.002	0.007	0.983	0.008
 179 	  2  	  2  	0.002	0.002	0.977	0.018
 180 	  2  	  2  	0.002	0.006	0.970	0.022
 181 	  2  	  2  	0.002	0.005	0.984	0.010
 182 	  2  	  2  	0.003	0.003	0.985	0.009
 183 	  2  	  2  	0.002	0.003	0.974	0.020
 184 	  2  	  2  	0.002	0.003	0.972	0.023
 185 	  2  	  2  	0.002	0.003	0.988	0.007
 186 	  2  	  2  	0.003	0.008	0.968	0.021
 187 	  2  	  2  	0.005	0.034	0.781	0.180
 188 	  2  	  2  	0.005	0.027	0.686	0.282
 189 	  2  	  2  	0.002	0.001	0.991	0.005
 190 	  2  	  2  	0.002	0.001	0.992	0.004
 191 	  2  	  2  	0.004	0.003	0.989	0.004
 192 	  2  	  2  	0.005	0.004	0.986	0.005
 193 	  2  	  2  	0.003	0.063	0.925	0.009
 194 	  2  	  2  	0.002	0.030	0.906	0.061
 195 	  2  	  2  	0.002	0.016	0.974	0.009
 196 	  2  	  2  	0.002	0.017	0.973	0.008
 197 	  2  	  2  	0.003	0.046	0.941	0.010
 198 	  2  	  2  	0.002	0.019	0.945	0.034
 199 	  2  	  2  	0.002	0.021	0.969	0.008
 200 	  2  	  2  	0.002	0.020	0.966	0.011
 201 	  2  	  2  	0.002	0.019	0.969	0.010
 202 	  2  	  2  	0.002	0.014	0.976	0.008
 203 	  2  	  2  	0.002	0.020	0.966	0.011
 204 	  2  	  2  	0.003	0.031	0.953	0.014
 205 	  2  	  2  	0.003	0.019	0.970	0.008
 206 	  2  	  2  	0.002	0.015	0.975	0.008
 207 	  2  	  2  	0.002	0.015	0.975	0.008
 208 	  2  	  2  	0.003	0.017	0.974	0.006
 209 	  2  	  2  	0.003	0.025	0.967	0.004
 210 	  2  	  2  	0.002	0.002	0.979	0.017
 211 	  2  	  2  	0.002	0.001	0.986	0.011
 212 	  2  	  2  	0.002	0.004	0.989	0.006
 213 	  2  	  2  	0.001	0.001	0.991	0.007
 214 	  2  	  2  	0.004	0.037	0.942	0.017
 215 	  2  	  2  	0.003	0.010	0.977	0.009
 216 	  2  	  2  	0.003	0.007	0.982	0.008
 217 	  2  	  2  	0.003	0.010	0.977	0.009
 218 	  2  	  2  	0.003	0.007	0.982	0.008
 219 	  2  	  2  	0.004	0.041	0.941	0.014
 220 	  2  	  2  	0.003	0.023	0.971	0.004
 221 	  2  	  2  	0.002	0.015	0.977	0.006
 222 	  2  	  2  	0.003	0.011	0.983	0.003
 223 	  2  	  2  	0.002	0.016	0.975	0.007
 224 	  2  	  2  	0.003	0.023	0.971	0.004
 225 	  2  	  2  	0.003	0.011	0.983	0.003
 226 	  2  	  2  	0.002	0.051	0.930	0.017
 227 	  2  	  2  	0.004	0.007	0.958	0.031
 228 	  2  	  2  	0.003	0.013	0.979	0.005
 229 	  2  	  2  	0.005	0.020	0.782	0.193
 230 	  2  	  2  	0.005	0.046	0.918	0.032
 231 	  2  	  2  	0.005	0.046	0.918	0.032
 232 	  2  	  2  	0.003	0.013	0.979	0.005
 233 	  2  	  2  	0.003	0.009	0.980	0.008
 234 	  2  	  2  	0.002	0.044	0.952	0.002
 235 	  2  	  2  	0.003	0.008	0.981	0.007
 236 	  2  	  2  	0.002	0.054	0.942	0.002
 237 	  2  	  2  	0.003	0.026	0.952	0.019
 238 	  2  	  2  	0.005	0.028	0.509	0.459
 239 	  2  	  2  	0.005	0.008	0.976	0.010
 240 	  2  	  2  	0.003	0.019	0.971	0.007
 241 	  3  	  2  	0.003	0.028	0.196	0.773
 242 	  2  	  2  	0.004	0.027	0.953	0.017
 243 	  2  	  2  	0.002	0.022	0.932	0.043
 244 	  2  	  2  	0.003	0.008	0.985	0.004
 245 	  2  	  2  	0.002	0.004	0.991	0.002
 246 	  2  	  2  	0.003	0.020	0.969	0.008
 247 	  2  	  2  	0.004	0.029	0.835	0.131
 248 	  2  	  2  	0.005	0.041	0.934	0.021
 249 	  2  	  2  	0.003	0.018	0.872	0.107
 250 	  2  	  2  	0.002	0.009	0.985	0.004
 251 	  2  	  2  	0.004	0.009	0.985	0.003
 252 	  2  	  2  	0.004	0.032	0.881	0.082
 253 	  2  	  2  	0.005	0.024	0.620	0.352
 254 	  2  	  2  	0.003	0.025	0.968	0.004
 255 	  2  	  2  	0.001	0.034	0.961	0.003
 256 	  2  	  2  	0.004	0.029	0.834	0.132
 257 	  2  	  2  	0.003	0.020	0.907	0.070
 258 	  2  	  2  	0.003	0.071	0.920	0.006
 259 	  2  	  2  	0.001	0.064	0.930	0.005
 260 	  2  	  2  	0.002	0.001	0.990	0.006
 261 	  3  	  3  	0.007	0.020	0.012	0.962
 262 	  3  	  3  	0.008	0.017	0.021	0.954
 263 	  3  	  3  	0.001	0.011	0.006	0.982
 264 	  3  	  3  	0.001	0.013	0.005	0.981
 265 	  3  	  3  	0.001	0.012	0.005	0.981
 266 	  3  	  3  	0.001	0.012	0.007	0.981
 267 	  3  	  3  	0.002	0.008	0.014	0.977
 268 	  3  	  3  	0.003	0.015	0.007	0.975
 269 	  3  	  3  	0.002	0.014	0.007	0.977
 270 	  3  	  3  	0.003	0.015	0.008	0.974
 271 	  3  	  3  	0.002	0.016	0.007	0.974
 272 	  3  	  3  	0.003	0.014	0.008	0.975
 273 	  3  	  3  	0.004	0.015	0.009	0.972
 274 	  3  	  3  	0.003	0.015	0.007	0.975
 275 	  3  	  3  	0.003	0.015	0.007	0.975
 276 	  3  	  3  	0.003	0.016	0.007	0.974
 277 	  3  	  3  	0.008	0.013	0.030	0.950
 278 	  3  	  3  	0.003	0.014	0.007	0.977
 279 	  3  	  3  	0.003	0.014	0.007	0.976
 280 	  3  	  3  	0.003	0.015	0.007	0.975
 281 	  3  	  3  	0.003	0.014	0.007	0.976
 282 	  3  	  3  	0.004	0.013	0.004	0.979
 283 	  3  	  3  	0.002	0.009	0.015	0.973
 284 	  3  	  3  	0.001	0.008	0.017	0.973
 285 	  3  	  3  	0.001	0.005	0.019	0.975
 286 	  3  	  3  	0.003	0.026	0.079	0.891
 287 	  3  	  3  	0.003	0.013	0.013	0.971
 288 	  3  	  3  	0.001	0.006	0.022	0.970
 289 	  3  	  3  	0.001	0.006	0.012	0.980
 290 	  3  	  3  	0.001	0.010	0.018	0.971
 291 	  3  	  3  	0.003	0.003	0.003	0.991
 292 	  3  	  3  	0.001	0.005	0.004	0.990
 293 	  3  	  3  	0.002	0.002	0.002	0.994
 294 	  3  	  3  	0.001	0.003	0.002	0.995
 295 	  3  	  3  	0.002	0.012	0.006	0.980
 296 	  3  	  3  	0.000	0.001	0.002	0.996
 297 	  3  	  3  	0.001	0.012	0.004	0.983
 298 	  3  	  3  	0.001	0.002	0.002	0.995
 299 	  3  	  3  	0.002	0.008	0.005	0.985
 300 	  3  	  3  	0.004	0.010	0.004	0.983
 301 	  3  	  3  	0.001	0.010	0.001	0.988
 302 	  3  	  3  	0.001	0.002	0.002	0.995
 303 	  3  	  3  	0.003	0.010	0.007	0.980
 304 	  3  	  3  	0.001	0.005	0.010	0.984
 305 	  3  	  3  	0.002	0.017	0.003	0.979
 306 	  3  	  3  	0.001	0.000	0.001	0.998
 307 	  3  	  3  	0.004	0.012	0.008	0.977
 308 	  3  	  3  	0.001	0.008	0.004	0.988
 309 	  3  	  3  	0.002	0.015	0.002	0.981
 310 	  3  	  3  	0.004	0.003	0.002	0.991
 311 	  3  	  3  	0.025	0.020	0.012	0.943
 312 	  3  	  3  	0.005	0.006	0.004	0.985
 313 	  3  	  3  	0.004	0.005	0.003	0.988
 314 	  3  	  3  	0.004	0.004	0.003	0.988
 315 	  3  	  3  	0.003	0.005	0.004	0.988
 316 	  3  	  3  	0.002	0.011	0.007	0.980
 317 	  3  	  3  	0.014	0.019	0.024	0.943
 318 	  3  	  3  	0.002	0.008	0.009	0.982
 319 	  3  	  3  	0.002	0.020	0.005	0.973
 320 	  3  	  3  	0.004	0.012	0.005	0.978
 321 	  3  	  3  	0.003	0.014	0.005	0.977
 322 	  3  	  3  	0.001	0.010	0.007	0.981
 323 	  3  	  3  	0.002	0.019	0.005	0.974
 324 	  3  	  3  	0.001	0.013	0.004	0.982
 325 	  3  	  3  	0.003	0.008	0.009	0.979
 326 	  3  	  3  	0.001	0.012	0.005	0.982
 327 	  3  	  3  	0.002	0.015	0.008	0.975
 328 	  3  	  3  	0.001	0.016	0.002	0.981
 329 	  3  	  3  	0.003	0.028	0.002	0.967
 330 	  3  	  3  	0.004	0.013	0.008	0.975
 331 	  3  	  3  	0.003	0.019	0.002	0.976
 332 	  3  	  3  	0.002	0.016	0.007	0.975
 333 	  3  	  3  	0.002	0.011	0.004	0.984
 334 	  3  	  3  	0.002	0.012	0.006	0.981
 335 	  3  	  3  	0.001	0.010	0.003	0.986
 336 	  3  	  3  	0.001	0.020	0.002	0.977
 337 	  3  	  3  	0.004	0.009	0.010	0.977
 338 	  3  	  3  	0.007	0.014	0.008	0.972
 339 	  3  	  3  	0.004	0.025	0.003	0.968
 340 	  3  	  3  	0.001	0.012	0.008	0.979
 341 	  3  	  3  	0.008	0.011	0.006	0.975
 342 	  3  	  3  	0.008	0.023	0.006	0.963
 343 	  3  	  3  	0.005	0.011	0.014	0.970
 344 	  3  	  3  	0.003	0.009	0.006	0.983
 345 	  3  	  3  	0.003	0.016	0.003	0.977
 346 	  3  	  3  	0.001	0.007	0.005	0.987
 347 	  3  	  3  	0.004	0.011	0.010	0.976
 348 	  3  	  3  	0.003	0.014	0.004	0.979
 349 	  3  	  3  	0.011	0.009	0.028	0.952
 350 	  3  	  3  	0.001	0.018	0.012	0.969
 351 	  3  	  3  	0.001	0.008	0.007	0.984
 352 	  3  	  3  	0.002	0.010	0.021	0.967
 353 	  3  	  3  	0.005	0.012	0.011	0.973
 354 	  3  	  3  	0.003	0.009	0.017	0.971
 355 	  3  	  3  	0.002	0.011	0.018	0.970
 356 	  3  	  3  	0.009	0.019	0.011	0.960
 357 	  3  	  3  	0.003	0.010	0.016	0.971
 358 	  3  	  3  	0.002	0.009	0.009	0.981
 359 	  3  	  3  	0.002	0.007	0.010	0.981
 360 	  3  	  3  	0.003	0.016	0.006	0.974
 361 	  3  	  3  	0.002	0.011	0.007	0.980
 362 	  3  	  3  	0.003	0.011	0.007	0.980
 363 	  3  	  3  	0.003	0.012	0.006	0.979
 364 	  3  	  3  	0.002	0.011	0.006	0.980
 365 	  3  	  3  	0.004	0.010	0.011	0.975
 366 	  3  	  3  	0.006	0.010	0.005	0.979
 367 	  3  	  3  	0.005	0.011	0.009	0.975
 368 	  3  	  3  	0.005	0.011	0.009	0.975
 369 	  3  	  3  	0.005	0.012	0.005	0.978
 370 	  3  	  3  	0.004	0.010	0.011	0.975
 371 	  3  	  3  	0.006	0.010	0.005	0.979
 372 	  3  	  3  	0.003	0.011	0.007	0.980
 373 	  3  	  3  	0.003	0.012	0.006	0.979
 374 	  3  	  3  	0.002	0.011	0.006	0.980
 375 	  3  	  3  	0.003	0.010	0.012	0.975
 376 	  3  	  3  	0.003	0.012	0.003	0.982
 377 	  3  	  3  	0.003	0.011	0.003	0.983
 378 	  3  	  3  	0.005	0.012	0.009	0.973
 379 	  3  	  3  	0.003	0.011	0.008	0.979
 380 	  3  	  3  	0.003	0.013	0.005	0.979
 381 	  3  	  3  	0.005	0.014	0.009	0.973
 382 	  3  	  3  	0.003	0.009	0.014	0.973
 383 	  3  	  3  	0.003	0.011	0.015	0.971
 384 	  3  	  3  	0.003	0.013	0.010	0.974
 385 	  3  	  3  	0.002	0.010	0.021	0.967
 386 	  3  	  3  	0.005	0.012	0.011	0.973
 387 	  3  	  3  	0.003	0.009	0.017	0.971
 388 	  3  	  3  	0.003	0.009	0.013	0.975
 389 	  3  	  3  	0.003	0.012	0.009	0.977
 390 	  3  	  3  	0.003	0.011	0.010	0.977
 391 	  3  	  3  	0.003	0.010	0.014	0.973
 392 	  3  	  3  	0.003	0.012	0.010	0.975
 393 	  3  	  3  	0.003	0.011	0.012	0.974
 394 	  3  	  3  	0.004	0.010	0.015	0.971
 395 	  3  	  3  	0.003	0.015	0.010	0.973
 396 	  3  	  3  	0.003	0.011	0.011	0.976
 397 	  3  	  3  	0.004	0.010	0.018	0.968
 398 	  3  	  3  	0.002	0.008	0.011	0.978
 399 	  3  	  3  	0.003	0.012	0.010	0.976
 400 	  3  	  3  	0.004	0.010	0.016	0.970
 401 	  3  	  3  	0.003	0.013	0.010	0.975
 402 	  3  	  3  	0.003	0.013	0.010	0.975
 403 	  3  	  3  	0.002	0.011	0.018	0.970
 404 	  3  	  3  	0.009	0.019	0.011	0.960
 405 	  3  	  3  	0.003	0.010	0.016	0.971
 406 	  3  	  3  	0.002	0.007	0.019	0.971
 407 	  3  	  3  	0.001	0.008	0.016	0.974
 408 	  3  	  3  	0.002	0.007	0.019	0.971
 409 	  3  	  3  	0.002	0.008	0.014	0.977
 410 	  3  	  3  	0.002	0.007	0.017	0.973
 411 	  3  	  3  	0.007	0.015	0.007	0.971
 412 	  3  	  3  	0.006	0.010	0.013	0.972
 413 	  3  	  3  	0.006	0.010	0.013	0.971
 414 	  3  	  3  	0.006	0.011	0.007	0.976
 415 	  3  	  3  	0.005	0.009	0.012	0.974
 416 	  3  	  3  	0.006	0.014	0.009	0.971
 417 	  3  	  3  	0.006	0.013	0.007	0.974
 418 	  3  	  3  	0.008	0.009	0.010	0.973
 419 	  3  	  3  	0.006	0.015	0.008	0.971
 420 	  3  	  3  	0.006	0.012	0.006	0.975
 421 	  3  	  3  	0.007	0.012	0.009	0.972
 422 	  3  	  3  	0.007	0.011	0.009	0.973
 423 	  3  	  3  	0.004	0.012	0.012	0.972
 424 	  3  	  3  	0.003	0.014	0.009	0.975
 425 	  3  	  3  	0.005	0.012	0.017	0.967
 426 	  3  	  3  	0.003	0.011	0.013	0.974
 427 	  3  	  3  	0.004	0.011	0.012	0.973
 428 	  3  	  3  	0.004	0.010	0.014	0.972
 429 	  3  	  3  	0.006	0.014	0.020	0.960
 430 	  3  	  3  	0.003	0.014	0.012	0.971
 431 	  3  	  3  	0.006	0.000	0.000	0.994
 432 	  3  	  3  	0.004	0.000	0.000	0.995
 433 	  3  	  3  	0.003	0.015	0.011	0.971
 434 	  3  	  3  	0.003	0.014	0.012	0.971
 435 	  3  	  3  	0.003	0.015	0.011	0.971
 436 	  3  	  3  	0.003	0.014	0.012	0.971
 437 	  3  	  3  	0.002	0.014	0.019	0.964
 438 	  3  	  3  	0.002	0.015	0.019	0.964
 439 	  3  	  3  	0.001	0.003	0.005	0.992
 440 	  3  	  3  	0.001	0.004	0.007	0.989
 441 	  3  	  3  	0.004	0.006	0.010	0.980
 442 	  3  	  3  	0.001	0.003	0.005	0.991
 443 	  3  	  3  	0.001	0.003	0.005	0.991
 444 	  3  	  3  	0.002	0.011	0.008	0.979
 445 	  3  	  3  	0.003	0.011	0.007	0.979
 446 	  3  	  3  	0.003	0.009	0.007	0.981
 447 	  3  	  3  	0.001	0.010	0.007	0.982
 448 	  3  	  3  	0.005	0.011	0.025	0.958
 449 	  3  	  3  	0.003	0.010	0.006	0.981
 450 	  3  	  3  	0.001	0.010	0.007	0.982
 451 	  3  	  3  	0.005	0.011	0.025	0.958
 452 	  3  	  3  	0.003	0.010	0.006	0.981
 453 	  3  	  3  	0.002	0.011	0.008	0.979
 454 	  3  	  3  	0.003	0.011	0.007	0.979
 455 	  3  	  3  	0.003	0.009	0.007	0.981
 456 	  3  	  3  	0.005	0.016	0.004	0.976
 457 	  3  	  3  	0.004	0.020	0.004	0.973
 458 	  3  	  3  	0.007	0.024	0.034	0.936
 459 	  3  	  3  	0.002	0.012	0.010	0.976
 460 	  3  	  3  	0.002	0.006	0.007	0.985
 461 	  3  	  3  	0.001	0.009	0.003	0.988
 462 	  3  	  3  	0.003	0.016	0.019	0.963
 463 	  3  	  3  	0.001	0.007	0.006	0.986
 464 	  3  	  3  	0.002	0.007	0.012	0.979
 465 	  3  	  3  	0.000	0.010	0.002	0.988
 466 	  3  	  3  	0.003	0.005	0.003	0.989
 467 	  3  	  3  	0.003	0.004	0.003	0.990
 468 	  3  	  3  	0.003	0.002	0.002	0.993
 469 	  3  	  3  	0.001	0.006	0.013	0.980
 470 	  3  	  3  	0.002	0.008	0.030	0.960
 471 	  3  	  3  	0.001	0.006	0.041	0.951
 472 	  3  	  3  	0.001	0.008	0.006	0.984
 473 	  3  	  3  	0.001	0.007	0.012	0.980
 474 	  3  	  3  	0.001	0.009	0.018	0.972
 475 	  3  	  3  	0.003	0.013	0.005	0.979
 476 	  3  	  3  	0.004	0.015	0.007	0.974
 477 	  3  	  3  	0.001	0.010	0.008	0.981
 478 	  3  	  3  	0.003	0.019	0.005	0.972
 479 	  3  	  3  	0.004	0.020	0.008	0.968
 480 	  3  	  3  	0.004	0.009	0.003	0.984
 481 	  3  	  3  	0.007	0.020	0.007	0.966
 482 	  3  	  3  	0.004	0.012	0.003	0.981
 483 	  3  	  3  	0.003	0.010	0.003	0.984
 484 	  3  	  3  	0.003	0.011	0.003	0.982
 485 	  3  	  3  	0.006	0.015	0.006	0.973
 486 	  3  	  3  	0.001	0.012	0.002	0.986
 487 	  3  	  3  	0.006	0.010	0.009	0.975
 488 	  3  	  3  	0.001	0.013	0.003	0.983
 489 	  3  	  3  	0.002	0.013	0.004	0.981
 490 	  3  	  3  	0.003	0.008	0.007	0.982
 491 	  3  	  3  	0.001	0.017	0.004	0.978
 492 	  3  	  3  	0.002	0.011	0.007	0.980
 493 	  3  	  3  	0.004	0.028	0.004	0.964
 494 	  3  	  3  	0.001	0.011	0.008	0.979
 495 	  3  	  3  	0.004	0.006	0.005	0.985
 496 	  3  	  3  	0.008	0.021	0.006	0.965
 497 	  3  	  3  	0.001	0.007	0.001	0.991
 498 	  3  	  3  	0.003	0.011	0.003	0.983
 499 	  3  	  3  	0.003	0.010	0.004	0.983
 500 	  3  	  3  	0.005	0.015	0.009	0.971
 501 	  3  	  3  	0.001	0.007	0.012	0.980
 502 	  3  	  3  	0.001	0.005	0.019	0.975
 503 	  3  	  3  	0.003	0.024	0.113	0.860
 504 	  3  	  3  	0.001	0.006	0.011	0.981
 505 	  3  	  3  	0.001	0.009	0.017	0.973
 506 	  3  	  3  	0.001	0.008	0.013	0.978
 507 	  3  	  3  	0.001	0.001	0.001	0.997
 508 	  3  	  3  	0.003	0.003	0.002	0.992
 509 	  3  	  3  	0.003	0.002	0.002	0.992
 510 	  3  	  3  	0.001	0.014	0.004	0.980
 511 	  3  	  3  	0.006	0.011	0.012	0.971
 512 	  3  	  3  	0.002	0.018	0.003	0.977
 513 	  3  	  3  	0.003	0.019	0.003	0.975
 514 	  3  	  3  	0.002	0.007	0.010	0.981
 515 	  2  	  3  	0.004	0.022	0.936	0.039
 516 	  3  	  3  	0.002	0.006	0.009	0.983
 517 	  3  	  3  	0.009	0.018	0.031	0.941
 518 	  3  	  3  	0.002	0.028	0.028	0.942
 519 	  3  	  3  	0.010	0.016	0.062	0.912
 520 	  3  	  3  	0.003	0.008	0.014	0.976
 521 	  3  	  3  	0.004	0.038	0.061	0.896
 522 	  3  	  3  	0.003	0.008	0.006	0.983
 523 	  3  	  3  	0.002	0.007	0.010	0.981
 524 	  2  	  3  	0.004	0.026	0.920	0.051
 525 	  3  	  3  	0.002	0.006	0.009	0.983
 526 	  3  	  3  	0.002	0.008	0.010	0.980
 527 	  2  	  3  	0.006	0.091	0.706	0.198
 528 	  3  	  3  	0.002	0.008	0.009	0.982
 529 	  3  	  3  	0.002	0.008	0.010	0.980
 530 	  2  	  3  	0.006	0.091	0.706	0.198
 531 	  3  	  3  	0.002	0.008	0.009	0.982
 532 	  3  	  3  	0.002	0.007	0.007	0.984
 533 	  3  	  3  	0.003	0.046	0.022	0.929
 534 	  3  	  3  	0.002	0.007	0.008	0.983
 535 	  3  	  3  	0.006	0.012	0.025	0.957
 536 	  3  	  3  	0.003	0.053	0.021	0.924
 537 	  2  	  3  	0.005	0.079	0.855	0.061
 538 	  3  	  3  	0.009	0.014	0.056	0.921
 539 	  0  	  0  	0.969	0.011	0.011	0.009
 540 	  0  	  0  	0.967	0.003	0.017	0.013
 541 	  0  	  0  	0.957	0.007	0.018	0.018
 542 	  0  	  0  	0.945	0.011	0.024	0.019
 543 	  0  	  0  	0.951	0.011	0.017	0.021
 544 	  0  	  0  	0.969	0.011	0.011	0.009
 545 	  0  	  0  	0.967	0.003	0.017	0.013
 546 	  0  	  0  	0.957	0.007	0.018	0.018
 547 	  0  	  0  	0.987	0.003	0.003	0.006
 548 	  0  	  0  	0.971	0.006	0.014	0.010
 549 	  0  	  0  	0.977	0.004	0.004	0.015
 550 	  0  	  0  	0.811	0.008	0.176	0.005
 551 	  0  	  0  	0.986	0.003	0.004	0.007
 552 	  0  	  0  	0.987	0.004	0.003	0.006
 553 	  0  	  0  	0.963	0.010	0.003	0.023
 554 	  0  	  0  	0.964	0.005	0.019	0.012
 555 	  0  	  0  	0.961	0.003	0.029	0.007
 556 	  0  	  0  	0.978	0.009	0.004	0.009
 557 	  0  	  0  	0.985	0.004	0.006	0.006
 558 	  0  	  0  	0.982	0.004	0.006	0.008
 559 	  0  	  0  	0.979	0.008	0.003	0.010
 560 	  0  	  0  	0.985	0.004	0.004	0.007
 561 	  0  	  0  	0.979	0.004	0.006	0.010
 562 	  0  	  0  	0.937	0.002	0.057	0.005
 563 	  0  	  0  	0.973	0.003	0.021	0.003
 564 	  0  	  0  	0.963	0.004	0.011	0.021
 565 	  0  	  0  	0.942	0.002	0.051	0.005
 566 	  0  	  0  	0.985	0.003	0.008	0.003
 567 	  0  	  0  	0.954	0.002	0.040	0.004
 568 	  0  	  0  	0.957	0.009	0.009	0.025
 569 	  0  	  0  	0.962	0.007	0.020	0.012
 570 	  0  	  0  	0.972	0.003	0.020	0.005
 571 	  0  	  0  	0.967	0.008	0.021	0.004
 572 	  0  	  0  	0.941	0.006	0.042	0.011
 573 	  0  	  0  	0.959	0.008	0.008	0.025
 574 	  0  	  0  	0.964	0.008	0.020	0.008
 575 	  0  	  0  	0.969	0.004	0.023	0.005
 576 	  0  	  0  	0.961	0.007	0.015	0.016
 577 	  0  	  0  	0.948	0.006	0.037	0.009
 578 	  0  	  0  	0.967	0.005	0.021	0.007
 579 	  0  	  0  	0.975	0.003	0.011	0.011
 580 	  0  	  0  	0.966	0.009	0.011	0.014
 581 	  0  	  0  	0.960	0.005	0.015	0.020
 582 	  0  	  0  	0.975	0.004	0.011	0.010
 583 	  0  	  0  	0.967	0.009	0.009	0.015
 584 	  0  	  0  	0.970	0.009	0.008	0.013
 585 	  0  	  0  	0.952	0.002	0.039	0.007
 586 	  0  	  0  	0.963	0.003	0.027	0.006
 587 	  0  	  0  	0.965	0.007	0.023	0.005
 588 	  0  	  0  	0.951	0.004	0.039	0.006
 589 	  0  	  0  	0.967	0.003	0.024	0.006
 590 	  0  	  0  	0.951	0.002	0.043	0.003
 591 	  0  	  0  	0.974	0.003	0.011	0.011
 592 	  0  	  0  	0.974	0.003	0.012	0.011
 593 	  0  	  0  	0.970	0.009	0.008	0.013
 594 	  0  	  0  	0.973	0.004	0.012	0.011
 595 	  0  	  0  	0.970	0.009	0.009	0.013
 596 	  0  	  0  	0.966	0.009	0.008	0.017
 597 	  0  	  0  	0.971	0.005	0.013	0.011
 598 	  0  	  0  	0.967	0.008	0.011	0.013
 599 	  0  	  0  	0.971	0.007	0.010	0.012
 600 	  0  	  0  	0.961	0.007	0.016	0.016
 601 	  0  	  0  	0.960	0.010	0.008	0.023
 602 	  0  	  0  	0.938	0.006	0.046	0.010
 603 	  0  	  0  	0.950	0.003	0.040	0.007
 604 	  0  	  0  	0.978	0.005	0.007	0.010
 605 	  0  	  0  	0.980	0.005	0.006	0.009
 606 	  0  	  0  	0.977	0.005	0.007	0.011
 607 	  0  	  0  	0.987	0.006	0.003	0.005
 608 	  0  	  0  	0.986	0.007	0.002	0.005
 609 	  0  	  0  	0.979	0.005	0.007	0.009
 610 	  0  	  0  	0.913	0.007	0.074	0.007
 611 	  0  	  0  	0.953	0.007	0.033	0.007
 612 	  0  	  0  	0.912	0.008	0.073	0.007
 613 	  0  	  0  	0.982	0.008	0.005	0.006
 614 	  0  	  0  	0.980	0.007	0.008	0.005
 615 	  0  	  0  	0.977	0.016	0.003	0.005
 616 	  0  	  0  	0.974	0.013	0.007	0.006
 617 	  0  	  0  	0.974	0.003	0.019	0.004
 618 	  0  	  0  	0.971	0.003	0.020	0.006
 619 	  0  	  0  	0.963	0.008	0.013	0.016
 620 	  0  	  0  	0.968	0.012	0.014	0.007
 621 	  0  	  0  	0.983	0.005	0.006	0.007
 622 	  0  	  0  	0.960	0.008	0.014	0.017
 623 	  0  	  0  	0.968	0.008	0.011	0.014
 624 	  0  	  0  	0.964	0.009	0.011	0.015
 625 	  0  	  0  	0.967	0.007	0.010	0.016
 626 	  0  	  0  	0.963	0.008	0.012	0.016
 627 	  0  	  0  	0.980	0.006	0.008	0.006
 628 	  0  	  0  	0.964	0.011	0.008	0.018
 629 	  0  	  0  	0.971	0.008	0.011	0.011
 630 	  0  	  0  	0.969	0.007	0.013	0.011
 631 	  0  	  0  	0.901	0.015	0.074	0.010
 632 	  0  	  0  	0.961	0.010	0.011	0.018
 633 	  0  	  0  	0.825	0.019	0.147	0.009
 634 	  0  	  0  	0.977	0.005	0.009	0.009
 635 	  0  	  0  	0.911	0.014	0.067	0.008
 636 	  0  	  0  	0.892	0.017	0.083	0.008
 637 	  0  	  0  	0.962	0.010	0.010	0.018
 638 	  0  	  0  	0.971	0.004	0.021	0.004
 639 	  0  	  0  	0.973	0.004	0.018	0.005
 640 	  0  	  0  	0.980	0.004	0.011	0.006
 641 	  0  	  0  	0.969	0.004	0.023	0.004
 642 	  0  	  0  	0.977	0.004	0.016	0.003
 643 	  0  	  0  	0.849	0.045	0.028	0.078
 644 	  0  	  0  	0.968	0.012	0.007	0.013
 645 	  0  	  0  	0.965	0.014	0.006	0.015
 646 	  0  	  0  	0.942	0.009	0.043	0.006
 647 	  0  	  0  	0.955	0.008	0.025	0.012
 648 	  0  	  0  	0.948	0.009	0.031	0.013
 649 	  0  	  0  	0.946	0.005	0.040	0.010
 650 	  0  	  0  	0.960	0.007	0.020	0.013
 651 	  0  	  0  	0.953	0.010	0.020	0.017
 652 	  0  	  0  	0.962	0.005	0.025	0.008
 653 	  0  	  0  	0.980	0.004	0.004	0.012
 654 	  0  	  0  	0.955	0.012	0.019	0.014
 655 	  0  	  0  	0.973	0.003	0.009	0.015
 656 	  0  	  0  	0.974	0.005	0.006	0.016
 657 	  0  	  0  	0.975	0.004	0.007	0.014
 658 	  0  	  0  	0.978	0.004	0.004	0.014
 659 	  0  	  0  	0.946	0.007	0.031	0.017
 660 	  0  	  0  	0.962	0.008	0.016	0.014
 661 	  0  	  0  	0.965	0.008	0.012	0.015
 662 	  0  	  0  	0.951	0.005	0.031	0.013
 663 	  0  	  0  	0.951	0.006	0.029	0.013
 664 	  0  	  0  	0.959	0.006	0.021	0.015
 665 	  0  	  0  	0.909	0.005	0.038	0.047
 666 	  0  	  0  	0.926	0.005	0.030	0.039
 667 	  0  	  0  	0.941	0.005	0.021	0.033
 668 	  0  	  0  	0.930	0.005	0.028	0.036
 669 	  0  	  0  	0.945	0.004	0.022	0.029
 670 	  0  	  0  	0.944	0.004	0.022	0.030
 671 	  0  	  0  	0.939	0.005	0.018	0.037
 672 	  0  	  0  	0.912	0.007	0.033	0.049
 673 	  0  	  0  	0.829	0.026	0.034	0.112
 674 	  0  	  0  	0.882	0.044	0.040	0.034
 675 	  0  	  0  	0.901	0.018	0.036	0.045
 676 	  0  	  0  	0.843	0.019	0.109	0.029
 677 	  0  	  0  	0.976	0.020	0.001	0.003
 678 	  0  	  0  	0.980	0.015	0.002	0.004
 679 	  0  	  0  	0.980	0.014	0.002	0.004
 680 	  0  	  0  	0.989	0.001	0.008	0.002
 681 	  0  	  0  	0.972	0.008	0.005	0.014
 682 	  0  	  0  	0.973	0.004	0.007	0.015
 683 	  0  	  0  	0.973	0.004	0.009	0.015
 684 	  0  	  0  	0.976	0.004	0.006	0.014
 685 	  0  	  0  	0.978	0.005	0.013	0.004
 686 	  0  	  0  	0.979	0.003	0.005	0.013
 687 	  0  	  0  	0.972	0.005	0.011	0.012
 688 	  0  	  0  	0.975	0.004	0.007	0.014
 689 	  0  	  0  	0.980	0.004	0.004	0.012
 690 	  0  	  0  	0.955	0.012	0.019	0.014
 691 	  0  	  0  	0.973	0.003	0.009	0.015
 692 	  0  	  0  	0.943	0.006	0.032	0.020
 693 	  0  	  0  	0.930	0.013	0.031	0.026
 694 	  0  	  0  	0.971	0.009	0.008	0.012
 695 	  0  	  0  	0.916	0.006	0.060	0.017
 696 	  0  	  0  	0.941	0.015	0.033	0.011
 697 	  0  	  0  	0.967	0.010	0.011	0.013
 698 	  0  	  0  	0.973	0.006	0.005	0.015
 699 	  0  	  0  	0.925	0.013	0.032	0.030
 700 	  0  	  0  	0.977	0.003	0.007	0.012
 701 	  0  	  0  	0.974	0.005	0.006	0.016
 702 	  0  	  0  	0.975	0.004	0.007	0.014
 703 	  0  	  0  	0.978	0.004	0.004	0.014
 704 	  0  	  0  	0.975	0.006	0.012	0.007
 705 	  0  	  0  	0.939	0.004	0.048	0.010
 706 	  0  	  0  	0.956	0.004	0.029	0.010
 707 	  0  	  0  	0.988	0.005	0.002	0.005
 708 	  0  	  0  	0.960	0.004	0.025	0.011
 709 	  0  	  0  	0.951	0.005	0.034	0.010
 710 	  0  	  0  	0.952	0.005	0.037	0.006
 711 	  0  	  0  	0.905	0.007	0.076	0.012
 712 	  0  	  0  	0.975	0.006	0.012	0.007
 713 	  0  	  0  	0.926	0.007	0.055	0.012
 714 	  0  	  0  	0.971	0.004	0.020	0.006
 715 	  0  	  0  	0.985	0.013	0.001	0.001
 716 	  0  	  0  	0.962	0.004	0.021	0.012
 717 	  0  	  0  	0.964	0.009	0.013	0.014
 718 	  0  	  0  	0.971	0.006	0.007	0.016
 719 	  0  	  0  	0.958	0.007	0.020	0.015
 720 	  0  	  0  	0.956	0.008	0.009	0.027
 721 	  0  	  0  	0.928	0.009	0.021	0.042
 722 	  0  	  0  	0.960	0.007	0.009	0.024
 723 	  0  	  0  	0.930	0.007	0.024	0.039
 724 	  0  	  0  	0.931	0.013	0.018	0.037
 725 	  0  	  0  	0.953	0.006	0.025	0.016
 726 	  0  	  0  	0.946	0.007	0.026	0.021
 727 	  0  	  0  	0.989	0.003	0.005	0.003
 728 	  0  	  0  	0.921	0.007	0.044	0.028
 729 	  0  	  0  	0.972	0.007	0.011	0.011
 730 	  0  	  0  	0.988	0.003	0.006	0.003
 731 	  0  	  0  	0.955	0.006	0.023	0.015
 732 	  0  	  0  	0.976	0.004	0.012	0.007
 733 	  0  	  0  	0.988	0.004	0.005	0.003
 734 	  0  	  0  	0.936	0.007	0.031	0.026
 735 	  0  	  0  	0.960	0.006	0.021	0.013
 736 	  0  	  0  	0.991	0.003	0.003	0.003
 737 	  0  	  0  	0.951	0.005	0.020	0.024
 738 	  0  	  0  	0.940	0.003	0.015	0.042
 739 	  0  	  0  	0.969	0.004	0.021	0.006
 740 	  0  	  0  	0.949	0.005	0.022	0.023
 741 	  0  	  0  	0.948	0.003	0.011	0.038
 742 	  0  	  0  	0.964	0.006	0.027	0.004
 743 	  0  	  0  	0.982	0.002	0.011	0.004
 744 	  0  	  0  	0.893	0.016	0.084	0.007
 745 	  0  	  0  	0.975	0.008	0.013	0.004
 746 	  0  	  0  	0.984	0.002	0.010	0.004
 747 	  0  	  0  	0.943	0.015	0.036	0.006
 748 	  0  	  0  	0.973	0.009	0.013	0.005
 749 	  0  	  0  	0.923	0.005	0.056	0.015
 750 	  0  	  0  	0.952	0.007	0.027	0.014
 751 	  0  	  0  	0.989	0.006	0.002	0.004
 752 	  0  	  0  	0.933	0.012	0.052	0.003
 753 	  0  	  0  	0.923	0.005	0.056	0.015
 754 	  0  	  0  	0.991	0.005	0.001	0.003
 755 	  0  	  0  	0.901	0.009	0.088	0.003
 756 	  0  	  0  	0.952	0.007	0.027	0.014
 757 	  0  	  0  	0.976	0.006	0.003	0.016
 758 	  0  	  0  	0.669	0.045	0.269	0.017
 759 	  0  	  0  	0.945	0.017	0.023	0.014
 760 	  0  	  0  	0.973	0.006	0.004	0.017
 761 	  0  	  0  	0.850	0.021	0.119	0.010
 762 	  0  	  0  	0.941	0.022	0.025	0.012
 763 	  0  	  0  	0.962	0.005	0.028	0.006
 764 	  0  	  0  	0.954	0.005	0.037	0.004
 765 	  0  	  0  	0.959	0.008	0.019	0.014
 766 	  0  	  0  	0.968	0.011	0.014	0.007
 767 	  0  	  0  	0.955	0.010	0.019	0.017
 768 	  0  	  0  	0.960	0.006	0.022	0.012
 769 	  0  	  0  	0.946	0.037	0.002	0.014
 770 	  0  	  0  	0.960	0.028	0.007	0.005
 771 	  0  	  0  	0.962	0.005	0.028	0.006
 772 	  0  	  0  	0.964	0.025	0.006	0.004
 773 	  0  	  0  	0.954	0.005	0.037	0.004
 774 	  0  	  0  	0.944	0.008	0.032	0.016
 775 	  0  	  0  	0.936	0.010	0.034	0.019
 776 	  0  	  0  	0.959	0.008	0.019	0.014
 777 	  0  	  0  	0.968	0.011	0.014	0.007
 778 	  0  	  0  	0.928	0.015	0.036	0.021
 779 	  0  	  0  	0.955	0.010	0.019	0.017
 780 	  0  	  0  	0.960	0.006	0.022	0.012
 781 	  0  	  0  	0.961	0.007	0.015	0.017
 782 	  0  	  0  	0.950	0.008	0.023	0.020
 783 	  0  	  0  	0.954	0.006	0.022	0.019
 784 	  0  	  0  	0.963	0.008	0.012	0.017
 785 	  0  	  0  	0.955	0.008	0.019	0.018
 786 	  0  	  0  	0.939	0.007	0.029	0.025
 787 	  0  	  0  	0.784	0.037	0.030	0.149
 788 	  0  	  0  	0.782	0.037	0.029	0.152
 789 	  0  	  0  	0.975	0.008	0.005	0.012
 790 	  0  	  0  	0.957	0.030	0.003	0.010
 791 	  0  	  0  	0.966	0.021	0.003	0.010
 792 	  0  	  0  	0.966	0.010	0.003	0.021
 793 	  0  	  0  	0.965	0.005	0.020	0.011
 794 	  0  	  0  	0.967	0.014	0.003	0.016
 795 	  0  	  0  	0.957	0.003	0.033	0.007
 796 	  0  	  0  	0.966	0.009	0.010	0.015
 797 	  0  	  0  	0.963	0.013	0.016	0.007
 798 	  0  	  0  	0.952	0.003	0.036	0.009
 799 	  0  	  0  	0.957	0.007	0.006	0.030
 800 	  0  	  0  	0.966	0.004	0.025	0.006
 801 	  0  	  0  	0.962	0.006	0.006	0.025
 802 	  0  	  0  	0.963	0.010	0.011	0.016
 803 	  0  	  0  	0.931	0.016	0.031	0.022
 804 	  0  	  0  	0.956	0.012	0.015	0.017
 805 	  0  	  0  	0.921	0.018	0.011	0.050
 806 	  0  	  0  	0.965	0.010	0.008	0.017
 807 	  0  	  0  	0.920	0.005	0.069	0.006
 808 	  0  	  0  	0.954	0.008	0.019	0.019
 809 	  0  	  0  	0.943	0.006	0.039	0.011
 810 	  0  	  0  	0.957	0.003	0.034	0.006
 811 	  0  	  0  	0.971	0.004	0.008	0.017
 812 	  0  	  0  	0.979	0.004	0.006	0.011
 813 	  0  	  0  	0.974	0.005	0.011	0.009
 814 	  0  	  0  	0.961	0.009	0.011	0.019
 815 	  0  	  0  	0.942	0.013	0.022	0.023
 816 	  0  	  0  	0.733	0.015	0.222	0.030
 817 	  0  	  0  	0.965	0.010	0.003	0.023
 818 	  0  	  0  	0.967	0.004	0.019	0.009
 819 	  0  	  0  	0.962	0.003	0.026	0.009
 820 	  0  	  0  	0.895	0.018	0.031	0.056
 821 	  0  	  0  	0.804	0.083	0.079	0.034
 822 	  0  	  0  	0.710	0.032	0.051	0.207
 823 	  0  	  0  	0.841	0.052	0.071	0.035
 824 	  0  	  0  	0.930	0.018	0.028	0.024
 825 	  0  	  0  	0.941	0.025	0.012	0.022
 826 	  0  	  0  	0.903	0.010	0.018	0.069
 827 	  0  	  0  	0.962	0.010	0.010	0.018
 828 	  0  	  0  	0.965	0.010	0.008	0.017
 829 	  0  	  0  	0.964	0.003	0.029	0.004
 830 	  0  	  0  	0.954	0.008	0.020	0.018
 831 	  0  	  0  	0.913	0.007	0.069	0.010
 832 	  0  	  0  	0.970	0.005	0.018	0.007
 833 	  0  	  0  	0.976	0.004	0.007	0.014
 834 	  0  	  0  	0.976	0.004	0.007	0.013
 835 	  0  	  0  	0.975	0.010	0.006	0.009
 836 	  0  	  0  	0.963	0.002	0.028	0.008
 837 	  0  	  0  	0.973	0.011	0.009	0.007
 838 	  0  	  0  	0.942	0.003	0.047	0.007
 839 	  0  	  0  	0.980	0.005	0.009	0.006
 840 	  0  	  0  	0.938	0.030	0.011	0.021
 841 	  0  	  0  	0.978	0.005	0.009	0.008
 842 	  0  	  0  	0.803	0.017	0.168	0.012
 843 	  1  	  0  	0.009	0.972	0.008	0.010
 844 	  0  	  0  	0.943	0.015	0.021	0.020
 845 	  1  	  0  	0.009	0.977	0.005	0.010
 846 	  1  	  0  	0.026	0.887	0.075	0.012
 847 	  2  	  0  	0.174	0.114	0.688	0.024
 848 	  0  	  0  	0.968	0.008	0.016	0.008
 849 	  2  	  0  	0.174	0.114	0.688	0.024
 850 	  0  	  0  	0.968	0.008	0.016	0.008
 851 	  2  	  0  	0.190	0.130	0.655	0.026
 852 	  0  	  0  	0.950	0.015	0.014	0.021
 853 	  1  	  0  	0.024	0.952	0.012	0.011
 854 	  2  	  0  	0.182	0.017	0.786	0.015
