  no	pred	real	Good	Contact	Radius	Hole
  0  	  1  	  1  	0.071	0.473	0.331	0.125
  1  	  1  	  1  	0.062	0.445	0.380	0.113
  2  	  1  	  1  	0.185	0.473	0.210	0.132
  3  	  1  	  1  	0.088	0.382	0.377	0.154
  4  	  1  	  1  	0.071	0.473	0.331	0.125
  5  	  1  	  1  	0.062	0.445	0.380	0.113
  6  	  1  	  1  	0.190	0.361	0.223	0.225
  7  	  1  	  1  	0.098	0.504	0.283	0.115
  8  	  1  	  1  	0.150	0.350	0.288	0.212
  9  	  1  	  1  	0.128	0.492	0.186	0.194
 10  	  1  	  1  	0.196	0.372	0.229	0.204
 11  	  1  	  1  	0.133	0.467	0.228	0.172
 12  	  1  	  1  	0.157	0.411	0.227	0.204
 13  	  1  	  1  	0.084	0.522	0.280	0.114
 14  	  1  	  1  	0.121	0.397	0.284	0.199
 15  	  2  	  1  	0.028	0.358	0.470	0.145
 16  	  2  	  1  	0.033	0.334	0.513	0.120
 17  	  1  	  1  	0.129	0.522	0.266	0.082
 18  	  3  	  1  	0.018	0.207	0.091	0.685
 19  	  1  	  1  	0.066	0.702	0.096	0.136
 20  	  1  	  1  	0.162	0.587	0.159	0.092
 21  	  1  	  1  	0.022	0.905	0.029	0.044
 22  	  2  	  1  	0.087	0.352	0.479	0.082
 23  	  1  	  1  	0.088	0.461	0.332	0.120
 24  	  1  	  1  	0.088	0.548	0.167	0.197
 25  	  1  	  1  	0.048	0.719	0.137	0.096
 26  	  1  	  1  	0.047	0.729	0.140	0.083
 27  	  1  	  1  	0.054	0.672	0.168	0.106
 28  	  1  	  1  	0.047	0.712	0.141	0.099
 29  	  1  	  1  	0.064	0.653	0.217	0.066
 30  	  1  	  1  	0.048	0.767	0.104	0.081
 31  	  1  	  1  	0.051	0.726	0.124	0.099
 32  	  1  	  1  	0.054	0.665	0.206	0.075
 33  	  1  	  1  	0.049	0.755	0.112	0.084
 34  	  1  	  1  	0.051	0.675	0.181	0.093
 35  	  1  	  1  	0.050	0.732	0.114	0.105
 36  	  1  	  1  	0.050	0.745	0.119	0.086
 37  	  1  	  1  	0.091	0.377	0.362	0.170
 38  	  1  	  1  	0.081	0.687	0.149	0.083
 39  	  1  	  1  	0.097	0.462	0.299	0.142
 40  	  1  	  1  	0.134	0.507	0.274	0.086
 41  	  1  	  1  	0.126	0.414	0.296	0.163
 42  	  1  	  1  	0.088	0.392	0.352	0.168
 43  	  1  	  1  	0.097	0.462	0.299	0.142
 44  	  1  	  1  	0.134	0.507	0.273	0.086
 45  	  1  	  1  	0.126	0.414	0.296	0.163
 46  	  1  	  1  	0.155	0.467	0.205	0.173
 47  	  2  	  1  	0.110	0.352	0.376	0.162
 48  	  1  	  1  	0.133	0.548	0.192	0.127
 49  	  1  	  1  	0.096	0.394	0.356	0.154
 50  	  1  	  1  	0.113	0.381	0.340	0.166
 51  	  1  	  1  	0.123	0.436	0.284	0.157
 52  	  1  	  1  	0.134	0.415	0.282	0.168
 53  	  1  	  1  	0.130	0.355	0.350	0.165
 54  	  1  	  1  	0.123	0.436	0.284	0.157
 55  	  1  	  1  	0.134	0.415	0.282	0.168
 56  	  1  	  1  	0.130	0.355	0.350	0.165
 57  	  1  	  1  	0.115	0.471	0.273	0.141
 58  	  1  	  1  	0.124	0.458	0.257	0.162
 59  	  1  	  1  	0.123	0.481	0.269	0.126
 60  	  1  	  1  	0.111	0.509	0.220	0.160
 61  	  2  	  1  	0.069	0.319	0.511	0.101
 62  	  2  	  1  	0.063	0.210	0.640	0.087
 63  	  1  	  1  	0.057	0.675	0.222	0.046
 64  	  2  	  1  	0.069	0.319	0.511	0.101
 65  	  1  	  1  	0.109	0.648	0.167	0.075
 66  	  1  	  1  	0.312	0.368	0.100	0.221
 67  	  1  	  1  	0.322	0.334	0.173	0.171
 68  	  1  	  1  	0.281	0.464	0.106	0.149
 69  	  1  	  1  	0.262	0.337	0.235	0.166
 70  	  1  	  1  	0.122	0.481	0.318	0.079
 71  	  1  	  1  	0.083	0.576	0.205	0.136
 72  	  1  	  1  	0.095	0.433	0.394	0.078
 73  	  1  	  1  	0.081	0.593	0.192	0.134
 74  	  1  	  1  	0.071	0.632	0.201	0.096
 75  	  1  	  1  	0.047	0.631	0.241	0.081
 76  	  1  	  1  	0.095	0.433	0.394	0.078
 77  	  1  	  1  	0.071	0.632	0.201	0.096
 78  	  2  	  1  	0.070	0.344	0.430	0.156
 79  	  1  	  1  	0.169	0.548	0.135	0.148
 80  	  2  	  1  	0.099	0.381	0.407	0.112
 81  	  1  	  1  	0.115	0.419	0.358	0.107
 82  	  1  	  1  	0.195	0.525	0.160	0.120
 83  	  2  	  1  	0.083	0.284	0.483	0.149
 84  	  1  	  1  	0.201	0.387	0.346	0.066
 85  	  2  	  1  	0.079	0.340	0.439	0.142
 86  	  1  	  1  	0.163	0.497	0.221	0.119
 87  	  2  	  1  	0.097	0.338	0.390	0.175
 88  	  1  	  1  	0.034	0.626	0.256	0.084
 89  	  2  	  1  	0.076	0.237	0.538	0.150
 90  	  1  	  1  	0.138	0.406	0.273	0.183
 91  	  1  	  1  	0.079	0.762	0.096	0.063
 92  	  1  	  1  	0.128	0.429	0.277	0.166
 93  	  1  	  1  	0.133	0.408	0.328	0.131
 94  	  1  	  1  	0.091	0.451	0.291	0.167
 95  	  1  	  1  	0.115	0.430	0.333	0.121
 96  	  1  	  1  	0.112	0.463	0.273	0.151
 97  	  1  	  1  	0.110	0.438	0.302	0.150
 98  	  1  	  1  	0.107	0.426	0.304	0.163
 99  	  1  	  1  	0.101	0.506	0.259	0.135
 100 	  1  	  1  	0.087	0.526	0.260	0.127
 101 	  1  	  1  	0.058	0.515	0.285	0.143
 102 	  1  	  1  	0.086	0.450	0.304	0.160
 103 	  1  	  1  	0.182	0.563	0.140	0.116
 104 	  2  	  1  	0.171	0.276	0.465	0.087
 105 	  3  	  1  	0.142	0.254	0.113	0.491
 106 	  1  	  1  	0.182	0.460	0.224	0.135
 107 	  1  	  1  	0.079	0.529	0.264	0.129
 108 	  1  	  1  	0.035	0.753	0.039	0.173
 109 	  1  	  1  	0.126	0.454	0.283	0.137
 110 	  1  	  1  	0.128	0.405	0.316	0.151
 111 	  1  	  1  	0.117	0.428	0.321	0.134
 112 	  1  	  1  	0.103	0.446	0.309	0.142
 113 	  1  	  1  	0.115	0.435	0.379	0.071
 114 	  1  	  1  	0.085	0.590	0.193	0.133
 115 	  1  	  1  	0.065	0.509	0.301	0.125
 116 	  2  	  1  	0.091	0.343	0.463	0.103
 117 	  1  	  1  	0.164	0.494	0.162	0.180
 118 	  1  	  1  	0.103	0.462	0.286	0.149
 119 	  1  	  1  	0.107	0.483	0.280	0.130
 120 	  1  	  1  	0.156	0.486	0.251	0.108
 121 	  1  	  1  	0.122	0.452	0.259	0.166
 122 	  1  	  1  	0.119	0.409	0.303	0.169
 123 	  1  	  1  	0.110	0.461	0.284	0.144
 124 	  1  	  1  	0.138	0.529	0.233	0.100
 125 	  1  	  1  	0.126	0.436	0.274	0.163
 126 	  1  	  1  	0.094	0.454	0.303	0.150
 127 	  1  	  1  	0.107	0.417	0.307	0.169
 128 	  1  	  1  	0.141	0.540	0.228	0.090
 129 	  1  	  1  	0.125	0.443	0.262	0.170
 130 	  1  	  1  	0.202	0.453	0.210	0.135
 131 	  2  	  1  	0.076	0.272	0.547	0.104
 132 	  1  	  1  	0.131	0.618	0.123	0.128
 133 	  2  	  1  	0.172	0.329	0.395	0.103
 134 	  1  	  1  	0.118	0.433	0.290	0.159
 135 	  1  	  1  	0.116	0.452	0.293	0.138
 136 	  1  	  1  	0.115	0.411	0.306	0.168
 137 	  1  	  1  	0.038	0.874	0.058	0.030
 138 	  1  	  1  	0.127	0.486	0.310	0.078
 139 	  1  	  1  	0.081	0.580	0.202	0.137
 140 	  1  	  1  	0.069	0.493	0.352	0.087
 141 	  1  	  1  	0.131	0.530	0.267	0.072
 142 	  0  	  1  	0.404	0.248	0.299	0.049
 143 	  1  	  1  	0.118	0.716	0.053	0.113
 144 	  0  	  1  	0.810	0.074	0.080	0.036
 145 	  0  	  1  	0.482	0.264	0.209	0.044
 146 	  2  	  2  	0.057	0.113	0.778	0.052
 147 	  2  	  2  	0.159	0.061	0.731	0.048
 148 	  2  	  2  	0.088	0.079	0.773	0.059
 149 	  2  	  2  	0.083	0.077	0.772	0.068
 150 	  2  	  2  	0.091	0.063	0.796	0.051
 151 	  2  	  2  	0.060	0.028	0.881	0.030
 152 	  2  	  2  	0.058	0.086	0.808	0.047
 153 	  2  	  2  	0.051	0.070	0.839	0.041
 154 	  2  	  2  	0.026	0.064	0.874	0.036
 155 	  2  	  2  	0.060	0.040	0.876	0.025
 156 	  2  	  2  	0.051	0.043	0.855	0.051
 157 	  2  	  2  	0.042	0.030	0.883	0.046
 158 	  2  	  2  	0.020	0.003	0.946	0.031
 159 	  2  	  2  	0.012	0.002	0.960	0.026
 160 	  2  	  2  	0.018	0.003	0.947	0.033
 161 	  2  	  2  	0.475	0.019	0.496	0.011
 162 	  2  	  2  	0.022	0.008	0.960	0.009
 163 	  2  	  2  	0.031	0.012	0.942	0.014
 164 	  2  	  2  	0.059	0.082	0.801	0.058
 165 	  2  	  2  	0.056	0.049	0.814	0.080
 166 	  2  	  2  	0.067	0.069	0.777	0.087
 167 	  2  	  2  	0.033	0.032	0.917	0.017
 168 	  2  	  2  	0.081	0.106	0.732	0.081
 169 	  2  	  2  	0.087	0.112	0.723	0.078
 170 	  2  	  2  	0.031	0.037	0.885	0.047
 171 	  2  	  2  	0.038	0.066	0.844	0.051
 172 	  2  	  2  	0.029	0.044	0.887	0.040
 173 	  2  	  2  	0.034	0.060	0.842	0.065
 174 	  2  	  2  	0.349	0.051	0.579	0.021
 175 	  2  	  2  	0.222	0.029	0.725	0.024
 176 	  2  	  2  	0.239	0.028	0.713	0.020
 177 	  2  	  2  	0.287	0.022	0.672	0.019
 178 	  2  	  2  	0.323	0.037	0.620	0.020
 179 	  2  	  2  	0.205	0.029	0.745	0.021
 180 	  2  	  2  	0.311	0.032	0.638	0.019
 181 	  2  	  2  	0.239	0.028	0.713	0.020
 182 	  2  	  2  	0.276	0.026	0.681	0.017
 183 	  2  	  2  	0.236	0.030	0.718	0.015
 184 	  2  	  2  	0.358	0.041	0.577	0.024
 185 	  2  	  2  	0.323	0.035	0.623	0.019
 186 	  2  	  2  	0.046	0.068	0.755	0.131
 187 	  2  	  2  	0.043	0.111	0.811	0.034
 188 	  2  	  2  	0.034	0.041	0.886	0.038
 189 	  2  	  2  	0.199	0.015	0.771	0.014
 190 	  2  	  2  	0.262	0.017	0.708	0.013
 191 	  2  	  2  	0.402	0.026	0.558	0.013
 192 	  0  	  2  	0.763	0.017	0.184	0.036
 193 	  2  	  2  	0.035	0.065	0.853	0.047
 194 	  2  	  2  	0.018	0.038	0.901	0.044
 195 	  2  	  2  	0.015	0.045	0.896	0.044
 196 	  2  	  2  	0.032	0.057	0.865	0.046
 197 	  2  	  2  	0.061	0.124	0.773	0.042
 198 	  2  	  2  	0.023	0.023	0.920	0.033
 199 	  2  	  2  	0.050	0.059	0.840	0.051
 200 	  2  	  2  	0.023	0.035	0.903	0.039
 201 	  2  	  2  	0.014	0.027	0.930	0.030
 202 	  2  	  2  	0.044	0.069	0.837	0.050
 203 	  2  	  2  	0.023	0.035	0.903	0.039
 204 	  2  	  2  	0.022	0.039	0.906	0.033
 205 	  2  	  2  	0.245	0.033	0.702	0.020
 206 	  2  	  2  	0.275	0.030	0.677	0.018
 207 	  2  	  2  	0.406	0.042	0.530	0.022
 208 	  2  	  2  	0.222	0.027	0.735	0.016
 209 	  2  	  2  	0.099	0.073	0.785	0.043
 210 	  2  	  2  	0.231	0.031	0.712	0.026
 211 	  2  	  2  	0.177	0.030	0.774	0.019
 212 	  2  	  2  	0.262	0.032	0.683	0.023
 213 	  2  	  2  	0.132	0.035	0.812	0.021
 214 	  2  	  2  	0.088	0.112	0.704	0.096
 215 	  2  	  2  	0.045	0.052	0.835	0.068
 216 	  2  	  2  	0.055	0.046	0.821	0.078
 217 	  2  	  2  	0.045	0.052	0.835	0.068
 218 	  2  	  2  	0.055	0.046	0.821	0.078
 219 	  2  	  2  	0.033	0.091	0.815	0.061
 220 	  2  	  2  	0.022	0.035	0.922	0.020
 221 	  2  	  2  	0.072	0.190	0.691	0.047
 222 	  2  	  2  	0.039	0.060	0.847	0.053
 223 	  2  	  2  	0.045	0.178	0.728	0.049
 224 	  2  	  2  	0.022	0.035	0.922	0.020
 225 	  2  	  2  	0.039	0.060	0.847	0.053
 226 	  2  	  2  	0.149	0.155	0.613	0.083
 227 	  2  	  2  	0.026	0.031	0.921	0.021
 228 	  2  	  2  	0.063	0.065	0.789	0.083
 229 	  2  	  2  	0.025	0.023	0.929	0.023
 230 	  2  	  2  	0.053	0.081	0.785	0.081
 231 	  2  	  2  	0.053	0.081	0.785	0.081
 232 	  2  	  2  	0.063	0.065	0.789	0.083
 233 	  2  	  2  	0.171	0.079	0.697	0.054
 234 	  2  	  2  	0.088	0.085	0.715	0.112
 235 	  2  	  2  	0.146	0.069	0.735	0.050
 236 	  2  	  2  	0.047	0.046	0.855	0.053
 237 	  2  	  2  	0.043	0.127	0.773	0.057
 238 	  2  	  2  	0.055	0.064	0.832	0.049
 239 	  2  	  2  	0.056	0.064	0.822	0.059
 240 	  2  	  2  	0.050	0.046	0.874	0.029
 241 	  2  	  2  	0.091	0.201	0.552	0.156
 242 	  2  	  2  	0.028	0.051	0.908	0.012
 243 	  2  	  2  	0.056	0.118	0.716	0.109
 244 	  2  	  2  	0.044	0.082	0.852	0.022
 245 	  2  	  2  	0.042	0.038	0.883	0.037
 246 	  2  	  2  	0.056	0.052	0.859	0.034
 247 	  2  	  2  	0.053	0.077	0.824	0.046
 248 	  2  	  2  	0.022	0.041	0.928	0.010
 249 	  2  	  2  	0.102	0.184	0.565	0.149
 250 	  2  	  2  	0.092	0.068	0.812	0.028
 251 	  2  	  2  	0.063	0.046	0.847	0.043
 252 	  2  	  2  	0.040	0.096	0.830	0.034
 253 	  2  	  2  	0.038	0.059	0.863	0.041
 254 	  2  	  2  	0.028	0.037	0.911	0.024
 255 	  2  	  2  	0.030	0.066	0.864	0.040
 256 	  2  	  2  	0.064	0.153	0.733	0.049
 257 	  2  	  2  	0.026	0.042	0.872	0.061
 258 	  2  	  2  	0.022	0.028	0.933	0.017
 259 	  2  	  2  	0.023	0.048	0.865	0.064
 260 	  2  	  2  	0.227	0.014	0.743	0.016
 261 	  3  	  3  	0.009	0.005	0.012	0.973
 262 	  3  	  3  	0.026	0.007	0.016	0.951
 263 	  3  	  3  	0.005	0.004	0.012	0.980
 264 	  3  	  3  	0.005	0.004	0.013	0.978
 265 	  3  	  3  	0.009	0.003	0.010	0.978
 266 	  3  	  3  	0.014	0.005	0.012	0.969
 267 	  3  	  3  	0.016	0.006	0.019	0.959
 268 	  3  	  3  	0.006	0.004	0.010	0.979
 269 	  3  	  3  	0.007	0.005	0.011	0.977
 270 	  3  	  3  	0.006	0.003	0.010	0.981
 271 	  3  	  3  	0.006	0.004	0.009	0.981
 272 	  3  	  3  	0.004	0.003	0.009	0.984
 273 	  3  	  3  	0.005	0.004	0.010	0.981
 274 	  3  	  3  	0.006	0.003	0.008	0.983
 275 	  3  	  3  	0.006	0.004	0.009	0.981
 276 	  3  	  3  	0.005	0.004	0.010	0.981
 277 	  3  	  3  	0.027	0.007	0.022	0.945
 278 	  3  	  3  	0.008	0.004	0.009	0.979
 279 	  3  	  3  	0.006	0.003	0.009	0.981
 280 	  3  	  3  	0.007	0.004	0.010	0.980
 281 	  3  	  3  	0.006	0.003	0.009	0.981
 282 	  3  	  3  	0.005	0.003	0.009	0.982
 283 	  3  	  3  	0.008	0.003	0.023	0.966
 284 	  3  	  3  	0.100	0.139	0.237	0.525
 285 	  3  	  3  	0.102	0.193	0.315	0.390
 286 	  3  	  3  	0.126	0.182	0.342	0.349
 287 	  2  	  3  	0.055	0.226	0.376	0.343
 288 	  3  	  3  	0.127	0.185	0.190	0.499
 289 	  3  	  3  	0.080	0.108	0.288	0.523
 290 	  3  	  3  	0.084	0.109	0.364	0.443
 291 	  3  	  3  	0.003	0.023	0.017	0.957
 292 	  3  	  3  	0.000	0.004	0.006	0.989
 293 	  3  	  3  	0.001	0.001	0.003	0.996
 294 	  3  	  3  	0.002	0.026	0.010	0.961
 295 	  3  	  3  	0.007	0.005	0.016	0.973
 296 	  3  	  3  	0.002	0.004	0.012	0.982
 297 	  3  	  3  	0.182	0.056	0.066	0.696
 298 	  3  	  3  	0.002	0.012	0.011	0.976
 299 	  3  	  3  	0.007	0.006	0.018	0.969
 300 	  3  	  3  	0.000	0.002	0.009	0.989
 301 	  3  	  3  	0.121	0.083	0.086	0.710
 302 	  3  	  3  	0.001	0.005	0.004	0.989
 303 	  3  	  3  	0.005	0.004	0.011	0.980
 304 	  3  	  3  	0.001	0.005	0.005	0.989
 305 	  3  	  3  	0.087	0.085	0.067	0.760
 306 	  3  	  3  	0.001	0.003	0.006	0.990
 307 	  3  	  3  	0.004	0.003	0.010	0.983
 308 	  3  	  3  	0.001	0.003	0.009	0.988
 309 	  3  	  3  	0.061	0.077	0.045	0.817
 310 	  3  	  3  	0.000	0.003	0.010	0.987
 311 	  3  	  3  	0.009	0.004	0.018	0.969
 312 	  3  	  3  	0.002	0.011	0.009	0.978
 313 	  3  	  3  	0.002	0.005	0.008	0.985
 314 	  3  	  3  	0.001	0.008	0.015	0.976
 315 	  3  	  3  	0.003	0.005	0.006	0.986
 316 	  3  	  3  	0.002	0.006	0.014	0.979
 317 	  3  	  3  	0.007	0.005	0.007	0.981
 318 	  3  	  3  	0.011	0.006	0.019	0.964
 319 	  3  	  3  	0.065	0.050	0.052	0.833
 320 	  3  	  3  	0.005	0.006	0.026	0.963
 321 	  3  	  3  	0.006	0.006	0.028	0.960
 322 	  3  	  3  	0.003	0.004	0.015	0.979
 323 	  3  	  3  	0.062	0.058	0.025	0.854
 324 	  3  	  3  	0.004	0.004	0.016	0.976
 325 	  3  	  3  	0.005	0.004	0.010	0.981
 326 	  3  	  3  	0.005	0.004	0.012	0.978
 327 	  3  	  3  	0.093	0.134	0.101	0.672
 328 	  3  	  3  	0.004	0.004	0.016	0.976
 329 	  3  	  3  	0.021	0.029	0.028	0.922
 330 	  3  	  3  	0.011	0.006	0.010	0.973
 331 	  3  	  3  	0.177	0.175	0.204	0.443
 332 	  3  	  3  	0.002	0.004	0.016	0.978
 333 	  3  	  3  	0.002	0.004	0.017	0.977
 334 	  3  	  3  	0.007	0.006	0.019	0.968
 335 	  3  	  3  	0.193	0.166	0.130	0.511
 336 	  3  	  3  	0.005	0.003	0.015	0.976
 337 	  3  	  3  	0.006	0.004	0.012	0.977
 338 	  3  	  3  	0.011	0.005	0.012	0.972
 339 	  3  	  3  	0.143	0.104	0.199	0.554
 340 	  3  	  3  	0.009	0.005	0.024	0.962
 341 	  3  	  3  	0.003	0.003	0.012	0.982
 342 	  3  	  3  	0.003	0.003	0.009	0.984
 343 	  3  	  3  	0.332	0.075	0.143	0.450
 344 	  3  	  3  	0.022	0.006	0.013	0.959
 345 	  3  	  3  	0.049	0.012	0.018	0.920
 346 	  3  	  3  	0.007	0.005	0.011	0.978
 347 	  3  	  3  	0.014	0.005	0.011	0.970
 348 	  3  	  3  	0.020	0.008	0.018	0.954
 349 	  3  	  3  	0.002	0.004	0.068	0.926
 350 	  3  	  3  	0.001	0.001	0.010	0.989
 351 	  3  	  3  	0.001	0.001	0.009	0.990
 352 	  3  	  3  	0.008	0.003	0.022	0.967
 353 	  3  	  3  	0.012	0.005	0.017	0.966
 354 	  3  	  3  	0.007	0.003	0.016	0.974
 355 	  3  	  3  	0.005	0.004	0.036	0.956
 356 	  3  	  3  	0.009	0.004	0.026	0.962
 357 	  3  	  3  	0.008	0.004	0.023	0.965
 358 	  3  	  3  	0.010	0.005	0.022	0.963
 359 	  3  	  3  	0.007	0.005	0.017	0.970
 360 	  3  	  3  	0.008	0.003	0.014	0.975
 361 	  3  	  3  	0.007	0.004	0.015	0.974
 362 	  3  	  3  	0.009	0.004	0.014	0.974
 363 	  3  	  3  	0.009	0.004	0.016	0.972
 364 	  3  	  3  	0.006	0.004	0.022	0.969
 365 	  3  	  3  	0.011	0.005	0.024	0.960
 366 	  3  	  3  	0.012	0.004	0.017	0.966
 367 	  3  	  3  	0.007	0.003	0.021	0.969
 368 	  3  	  3  	0.007	0.003	0.016	0.974
 369 	  3  	  3  	0.012	0.004	0.017	0.967
 370 	  3  	  3  	0.011	0.005	0.024	0.960
 371 	  3  	  3  	0.012	0.004	0.017	0.966
 372 	  3  	  3  	0.009	0.004	0.014	0.974
 373 	  3  	  3  	0.009	0.004	0.016	0.972
 374 	  3  	  3  	0.006	0.004	0.022	0.969
 375 	  3  	  3  	0.009	0.004	0.017	0.970
 376 	  3  	  3  	0.015	0.007	0.023	0.955
 377 	  3  	  3  	0.018	0.006	0.024	0.952
 378 	  3  	  3  	0.019	0.007	0.024	0.950
 379 	  3  	  3  	0.018	0.007	0.026	0.949
 380 	  3  	  3  	0.016	0.007	0.022	0.955
 381 	  3  	  3  	0.022	0.007	0.022	0.949
 382 	  3  	  3  	0.007	0.004	0.029	0.959
 383 	  3  	  3  	0.007	0.003	0.015	0.975
 384 	  3  	  3  	0.007	0.003	0.016	0.975
 385 	  3  	  3  	0.008	0.003	0.022	0.967
 386 	  3  	  3  	0.012	0.005	0.017	0.966
 387 	  3  	  3  	0.007	0.003	0.016	0.974
 388 	  3  	  3  	0.009	0.005	0.032	0.955
 389 	  3  	  3  	0.010	0.005	0.024	0.962
 390 	  3  	  3  	0.011	0.005	0.024	0.960
 391 	  3  	  3  	0.009	0.004	0.030	0.957
 392 	  3  	  3  	0.008	0.003	0.015	0.974
 393 	  3  	  3  	0.009	0.005	0.022	0.965
 394 	  3  	  3  	0.006	0.004	0.027	0.964
 395 	  3  	  3  	0.009	0.005	0.020	0.966
 396 	  3  	  3  	0.008	0.005	0.023	0.965
 397 	  3  	  3  	0.005	0.003	0.028	0.963
 398 	  3  	  3  	0.007	0.004	0.017	0.972
 399 	  3  	  3  	0.009	0.005	0.023	0.963
 400 	  3  	  3  	0.005	0.003	0.027	0.965
 401 	  3  	  3  	0.007	0.004	0.018	0.972
 402 	  3  	  3  	0.007	0.004	0.018	0.971
 403 	  3  	  3  	0.005	0.004	0.036	0.956
 404 	  3  	  3  	0.009	0.004	0.026	0.962
 405 	  3  	  3  	0.008	0.004	0.023	0.965
 406 	  3  	  3  	0.012	0.020	0.078	0.891
 407 	  3  	  3  	0.018	0.033	0.141	0.808
 408 	  3  	  3  	0.012	0.020	0.078	0.891
 409 	  3  	  3  	0.010	0.004	0.016	0.970
 410 	  3  	  3  	0.022	0.006	0.022	0.950
 411 	  3  	  3  	0.016	0.007	0.021	0.956
 412 	  3  	  3  	0.014	0.006	0.021	0.960
 413 	  3  	  3  	0.014	0.006	0.021	0.960
 414 	  3  	  3  	0.015	0.006	0.020	0.958
 415 	  3  	  3  	0.015	0.006	0.022	0.957
 416 	  3  	  3  	0.015	0.007	0.024	0.955
 417 	  3  	  3  	0.016	0.006	0.022	0.956
 418 	  3  	  3  	0.016	0.005	0.019	0.960
 419 	  3  	  3  	0.013	0.006	0.020	0.961
 420 	  3  	  3  	0.017	0.007	0.020	0.956
 421 	  3  	  3  	0.015	0.006	0.020	0.959
 422 	  3  	  3  	0.014	0.006	0.024	0.956
 423 	  3  	  3  	0.008	0.005	0.014	0.972
 424 	  3  	  3  	0.010	0.006	0.013	0.971
 425 	  3  	  3  	0.010	0.006	0.014	0.970
 426 	  3  	  3  	0.011	0.004	0.012	0.973
 427 	  3  	  3  	0.017	0.007	0.014	0.962
 428 	  3  	  3  	0.010	0.004	0.011	0.975
 429 	  3  	  3  	0.049	0.007	0.017	0.927
 430 	  3  	  3  	0.006	0.004	0.011	0.979
 431 	  3  	  3  	0.003	0.000	0.001	0.996
 432 	  3  	  3  	0.003	0.000	0.001	0.995
 433 	  3  	  3  	0.009	0.004	0.013	0.974
 434 	  3  	  3  	0.008	0.004	0.013	0.975
 435 	  3  	  3  	0.009	0.004	0.013	0.974
 436 	  3  	  3  	0.008	0.004	0.013	0.975
 437 	  3  	  3  	0.008	0.005	0.044	0.944
 438 	  3  	  3  	0.008	0.005	0.046	0.941
 439 	  3  	  3  	0.001	0.001	0.004	0.993
 440 	  3  	  3  	0.000	0.002	0.005	0.993
 441 	  3  	  3  	0.009	0.007	0.045	0.939
 442 	  3  	  3  	0.001	0.002	0.006	0.992
 443 	  3  	  3  	0.002	0.002	0.004	0.993
 444 	  3  	  3  	0.004	0.004	0.007	0.985
 445 	  3  	  3  	0.007	0.004	0.007	0.983
 446 	  3  	  3  	0.006	0.004	0.008	0.982
 447 	  3  	  3  	0.003	0.003	0.008	0.987
 448 	  3  	  3  	0.009	0.005	0.037	0.949
 449 	  3  	  3  	0.011	0.005	0.008	0.975
 450 	  3  	  3  	0.003	0.003	0.008	0.987
 451 	  3  	  3  	0.009	0.005	0.037	0.949
 452 	  3  	  3  	0.011	0.005	0.008	0.975
 453 	  3  	  3  	0.004	0.004	0.007	0.985
 454 	  3  	  3  	0.007	0.004	0.007	0.983
 455 	  3  	  3  	0.006	0.004	0.008	0.982
 456 	  3  	  3  	0.008	0.004	0.017	0.971
 457 	  3  	  3  	0.009	0.004	0.013	0.973
 458 	  3  	  3  	0.030	0.007	0.031	0.931
 459 	  3  	  3  	0.005	0.004	0.010	0.981
 460 	  3  	  3  	0.003	0.003	0.024	0.969
 461 	  3  	  3  	0.002	0.003	0.028	0.967
 462 	  3  	  3  	0.014	0.005	0.027	0.954
 463 	  3  	  3  	0.008	0.006	0.014	0.972
 464 	  3  	  3  	0.004	0.003	0.025	0.968
 465 	  3  	  3  	0.002	0.003	0.023	0.972
 466 	  3  	  3  	0.003	0.006	0.008	0.983
 467 	  3  	  3  	0.003	0.011	0.009	0.977
 468 	  3  	  3  	0.001	0.001	0.004	0.995
 469 	  3  	  3  	0.093	0.115	0.341	0.451
 470 	  2  	  3  	0.075	0.165	0.401	0.358
 471 	  2  	  3  	0.068	0.096	0.608	0.227
 472 	  3  	  3  	0.135	0.181	0.198	0.486
 473 	  3  	  3  	0.091	0.117	0.333	0.459
 474 	  3  	  3  	0.075	0.103	0.310	0.512
 475 	  3  	  3  	0.005	0.004	0.029	0.962
 476 	  3  	  3  	0.006	0.005	0.025	0.964
 477 	  3  	  3  	0.007	0.005	0.016	0.972
 478 	  3  	  3  	0.085	0.113	0.078	0.723
 479 	  3  	  3  	0.015	0.008	0.033	0.943
 480 	  3  	  3  	0.006	0.005	0.011	0.979
 481 	  3  	  3  	0.003	0.003	0.008	0.986
 482 	  3  	  3  	0.036	0.039	0.084	0.842
 483 	  3  	  3  	0.015	0.006	0.022	0.957
 484 	  3  	  3  	0.016	0.007	0.023	0.954
 485 	  3  	  3  	0.020	0.007	0.021	0.952
 486 	  3  	  3  	0.003	0.004	0.011	0.983
 487 	  3  	  3  	0.010	0.005	0.013	0.972
 488 	  3  	  3  	0.005	0.004	0.015	0.975
 489 	  3  	  3  	0.076	0.056	0.065	0.803
 490 	  3  	  3  	0.007	0.006	0.040	0.947
 491 	  3  	  3  	0.011	0.247	0.228	0.514
 492 	  3  	  3  	0.003	0.004	0.015	0.979
 493 	  3  	  3  	0.052	0.280	0.028	0.640
 494 	  3  	  3  	0.019	0.008	0.042	0.931
 495 	  3  	  3  	0.005	0.004	0.014	0.977
 496 	  3  	  3  	0.003	0.003	0.010	0.984
 497 	  3  	  3  	0.066	0.075	0.103	0.756
 498 	  3  	  3  	0.017	0.006	0.022	0.955
 499 	  3  	  3  	0.015	0.006	0.024	0.955
 500 	  3  	  3  	0.020	0.006	0.020	0.954
 501 	  3  	  3  	0.081	0.108	0.289	0.522
 502 	  2  	  3  	0.073	0.164	0.418	0.345
 503 	  3  	  3  	0.146	0.213	0.268	0.373
 504 	  3  	  3  	0.146	0.199	0.129	0.527
 505 	  3  	  3  	0.081	0.108	0.292	0.519
 506 	  3  	  3  	0.074	0.103	0.312	0.511
 507 	  3  	  3  	0.001	0.002	0.007	0.990
 508 	  3  	  3  	0.001	0.003	0.005	0.991
 509 	  3  	  3  	0.001	0.001	0.003	0.995
 510 	  3  	  3  	0.004	0.004	0.012	0.980
 511 	  3  	  3  	0.004	0.003	0.009	0.984
 512 	  3  	  3  	0.008	0.006	0.021	0.965
 513 	  3  	  3  	0.048	0.129	0.041	0.782
 514 	  3  	  3  	0.261	0.234	0.058	0.447
 515 	  1  	  3  	0.142	0.408	0.199	0.252
 516 	  3  	  3  	0.196	0.216	0.099	0.489
 517 	  3  	  3  	0.141	0.160	0.071	0.628
 518 	  1  	  3  	0.144	0.382	0.216	0.257
 519 	  3  	  3  	0.138	0.170	0.125	0.567
 520 	  3  	  3  	0.181	0.214	0.099	0.506
 521 	  1  	  3  	0.122	0.369	0.177	0.332
 522 	  3  	  3  	0.232	0.219	0.058	0.491
 523 	  3  	  3  	0.261	0.234	0.058	0.447
 524 	  1  	  3  	0.152	0.434	0.190	0.224
 525 	  3  	  3  	0.196	0.216	0.099	0.489
 526 	  3  	  3  	0.284	0.224	0.045	0.447
 527 	  1  	  3  	0.136	0.371	0.149	0.343
 528 	  3  	  3  	0.212	0.236	0.151	0.402
 529 	  3  	  3  	0.284	0.224	0.045	0.447
 530 	  1  	  3  	0.136	0.371	0.149	0.343
 531 	  3  	  3  	0.212	0.236	0.151	0.402
 532 	  3  	  3  	0.204	0.202	0.058	0.537
 533 	  1  	  3  	0.125	0.380	0.212	0.283
 534 	  3  	  3  	0.222	0.215	0.053	0.509
 535 	  3  	  3  	0.221	0.198	0.072	0.509
 536 	  1  	  3  	0.131	0.380	0.184	0.305
 537 	  3  	  3  	0.098	0.331	0.202	0.369
 538 	  3  	  3  	0.160	0.160	0.139	0.541
 539 	  0  	  0  	0.855	0.008	0.110	0.026
 540 	  0  	  0  	0.935	0.007	0.037	0.021
 541 	  0  	  0  	0.918	0.012	0.038	0.031
 542 	  0  	  0  	0.889	0.018	0.041	0.053
 543 	  0  	  0  	0.824	0.019	0.056	0.101
 544 	  0  	  0  	0.855	0.008	0.110	0.026
 545 	  0  	  0  	0.935	0.007	0.037	0.021
 546 	  0  	  0  	0.918	0.012	0.038	0.031
 547 	  0  	  0  	0.987	0.003	0.005	0.004
 548 	  0  	  0  	0.932	0.002	0.056	0.010
 549 	  0  	  0  	0.971	0.004	0.010	0.015
 550 	  0  	  0  	0.921	0.005	0.066	0.008
 551 	  0  	  0  	0.969	0.004	0.011	0.016
 552 	  0  	  0  	0.986	0.003	0.005	0.005
 553 	  0  	  0  	0.856	0.006	0.053	0.085
 554 	  0  	  0  	0.904	0.012	0.063	0.020
 555 	  0  	  0  	0.943	0.008	0.024	0.025
 556 	  0  	  0  	0.922	0.012	0.017	0.049
 557 	  0  	  0  	0.984	0.002	0.006	0.008
 558 	  0  	  0  	0.980	0.003	0.009	0.007
 559 	  0  	  0  	0.930	0.013	0.019	0.038
 560 	  0  	  0  	0.975	0.004	0.012	0.009
 561 	  0  	  0  	0.973	0.005	0.011	0.011
 562 	  0  	  0  	0.917	0.001	0.075	0.006
 563 	  0  	  0  	0.913	0.002	0.078	0.006
 564 	  0  	  0  	0.949	0.009	0.025	0.017
 565 	  0  	  0  	0.916	0.004	0.065	0.014
 566 	  0  	  0  	0.938	0.004	0.043	0.015
 567 	  0  	  0  	0.937	0.001	0.054	0.007
 568 	  0  	  0  	0.864	0.024	0.079	0.034
 569 	  0  	  0  	0.962	0.006	0.017	0.015
 570 	  0  	  0  	0.916	0.007	0.063	0.015
 571 	  0  	  0  	0.980	0.004	0.008	0.008
 572 	  0  	  0  	0.950	0.004	0.039	0.007
 573 	  0  	  0  	0.972	0.007	0.012	0.009
 574 	  0  	  0  	0.955	0.006	0.021	0.017
 575 	  0  	  0  	0.931	0.013	0.047	0.009
 576 	  0  	  0  	0.969	0.006	0.015	0.010
 577 	  0  	  0  	0.951	0.009	0.018	0.022
 578 	  0  	  0  	0.506	0.076	0.356	0.062
 579 	  0  	  0  	0.928	0.007	0.031	0.035
 580 	  0  	  0  	0.950	0.007	0.025	0.018
 581 	  0  	  0  	0.949	0.007	0.026	0.018
 582 	  0  	  0  	0.940	0.007	0.022	0.030
 583 	  0  	  0  	0.950	0.007	0.026	0.017
 584 	  0  	  0  	0.960	0.006	0.020	0.014
 585 	  0  	  0  	0.822	0.002	0.165	0.010
 586 	  0  	  0  	0.942	0.004	0.043	0.012
 587 	  0  	  0  	0.848	0.004	0.137	0.012
 588 	  0  	  0  	0.940	0.004	0.042	0.014
 589 	  0  	  0  	0.928	0.004	0.055	0.013
 590 	  0  	  0  	0.896	0.002	0.095	0.007
 591 	  0  	  0  	0.937	0.006	0.026	0.030
 592 	  0  	  0  	0.923	0.007	0.030	0.039
 593 	  0  	  0  	0.960	0.006	0.021	0.013
 594 	  0  	  0  	0.930	0.007	0.031	0.032
 595 	  0  	  0  	0.945	0.006	0.031	0.017
 596 	  0  	  0  	0.952	0.007	0.027	0.014
 597 	  0  	  0  	0.934	0.006	0.028	0.031
 598 	  0  	  0  	0.955	0.006	0.022	0.017
 599 	  0  	  0  	0.941	0.008	0.030	0.021
 600 	  0  	  0  	0.967	0.006	0.012	0.014
 601 	  0  	  0  	0.976	0.004	0.010	0.010
 602 	  0  	  0  	0.952	0.008	0.018	0.021
 603 	  0  	  0  	0.822	0.009	0.142	0.028
 604 	  0  	  0  	0.970	0.008	0.006	0.016
 605 	  0  	  0  	0.965	0.007	0.005	0.022
 606 	  0  	  0  	0.962	0.007	0.005	0.026
 607 	  0  	  0  	0.943	0.010	0.019	0.027
 608 	  0  	  0  	0.939	0.009	0.016	0.035
 609 	  0  	  0  	0.964	0.007	0.004	0.025
 610 	  0  	  0  	0.983	0.003	0.009	0.005
 611 	  0  	  0  	0.981	0.003	0.012	0.004
 612 	  0  	  0  	0.980	0.004	0.012	0.004
 613 	  0  	  0  	0.935	0.012	0.024	0.029
 614 	  0  	  0  	0.950	0.009	0.024	0.017
 615 	  0  	  0  	0.902	0.022	0.047	0.029
 616 	  0  	  0  	0.881	0.007	0.064	0.048
 617 	  0  	  0  	0.875	0.009	0.074	0.042
 618 	  0  	  0  	0.925	0.010	0.041	0.024
 619 	  0  	  0  	0.898	0.008	0.026	0.069
 620 	  0  	  0  	0.912	0.026	0.022	0.039
 621 	  0  	  0  	0.945	0.005	0.022	0.028
 622 	  0  	  0  	0.944	0.007	0.020	0.029
 623 	  0  	  0  	0.928	0.006	0.020	0.046
 624 	  0  	  0  	0.949	0.005	0.020	0.026
 625 	  0  	  0  	0.936	0.007	0.025	0.031
 626 	  0  	  0  	0.922	0.006	0.022	0.050
 627 	  0  	  0  	0.938	0.006	0.026	0.031
 628 	  0  	  0  	0.923	0.008	0.037	0.032
 629 	  0  	  0  	0.895	0.009	0.036	0.060
 630 	  0  	  0  	0.885	0.010	0.038	0.067
 631 	  0  	  0  	0.944	0.008	0.040	0.008
 632 	  0  	  0  	0.895	0.010	0.034	0.060
 633 	  0  	  0  	0.949	0.009	0.036	0.007
 634 	  0  	  0  	0.929	0.007	0.033	0.032
 635 	  0  	  0  	0.945	0.009	0.037	0.008
 636 	  0  	  0  	0.948	0.010	0.035	0.007
 637 	  0  	  0  	0.909	0.008	0.034	0.049
 638 	  0  	  0  	0.978	0.004	0.012	0.006
 639 	  0  	  0  	0.974	0.005	0.014	0.007
 640 	  0  	  0  	0.978	0.004	0.011	0.006
 641 	  0  	  0  	0.972	0.005	0.016	0.007
 642 	  0  	  0  	0.966	0.005	0.019	0.010
 643 	  0  	  0  	0.954	0.008	0.029	0.008
 644 	  0  	  0  	0.971	0.005	0.014	0.011
 645 	  0  	  0  	0.974	0.004	0.012	0.010
 646 	  0  	  0  	0.954	0.009	0.018	0.019
 647 	  0  	  0  	0.928	0.009	0.039	0.024
 648 	  0  	  0  	0.928	0.011	0.044	0.018
 649 	  0  	  0  	0.936	0.009	0.036	0.019
 650 	  0  	  0  	0.931	0.012	0.035	0.022
 651 	  0  	  0  	0.936	0.010	0.037	0.016
 652 	  0  	  0  	0.936	0.010	0.034	0.021
 653 	  0  	  0  	0.954	0.005	0.024	0.017
 654 	  0  	  0  	0.902	0.006	0.075	0.017
 655 	  0  	  0  	0.957	0.004	0.021	0.018
 656 	  0  	  0  	0.961	0.004	0.018	0.018
 657 	  0  	  0  	0.952	0.005	0.024	0.019
 658 	  0  	  0  	0.955	0.005	0.021	0.019
 659 	  0  	  0  	0.935	0.006	0.033	0.025
 660 	  0  	  0  	0.907	0.012	0.040	0.041
 661 	  0  	  0  	0.880	0.012	0.063	0.046
 662 	  0  	  0  	0.940	0.007	0.034	0.020
 663 	  0  	  0  	0.914	0.009	0.046	0.031
 664 	  0  	  0  	0.900	0.011	0.047	0.042
 665 	  0  	  0  	0.918	0.008	0.033	0.040
 666 	  0  	  0  	0.912	0.009	0.033	0.046
 667 	  0  	  0  	0.926	0.010	0.046	0.018
 668 	  0  	  0  	0.936	0.007	0.036	0.021
 669 	  0  	  0  	0.922	0.011	0.038	0.029
 670 	  0  	  0  	0.941	0.007	0.039	0.013
 671 	  0  	  0  	0.924	0.014	0.046	0.016
 672 	  0  	  0  	0.946	0.008	0.035	0.012
 673 	  0  	  0  	0.957	0.007	0.018	0.019
 674 	  0  	  0  	0.946	0.023	0.015	0.016
 675 	  0  	  0  	0.877	0.010	0.101	0.011
 676 	  0  	  0  	0.804	0.014	0.151	0.031
 677 	  0  	  0  	0.921	0.018	0.017	0.044
 678 	  0  	  0  	0.932	0.015	0.010	0.042
 679 	  0  	  0  	0.907	0.017	0.015	0.061
 680 	  0  	  0  	0.967	0.003	0.018	0.012
 681 	  0  	  0  	0.976	0.004	0.008	0.012
 682 	  0  	  0  	0.887	0.011	0.022	0.080
 683 	  0  	  0  	0.949	0.010	0.013	0.028
 684 	  0  	  0  	0.848	0.015	0.026	0.111
 685 	  0  	  0  	0.943	0.011	0.015	0.030
 686 	  0  	  0  	0.955	0.005	0.023	0.017
 687 	  0  	  0  	0.936	0.008	0.035	0.021
 688 	  0  	  0  	0.958	0.004	0.022	0.016
 689 	  0  	  0  	0.954	0.005	0.024	0.017
 690 	  0  	  0  	0.902	0.006	0.075	0.017
 691 	  0  	  0  	0.957	0.004	0.021	0.018
 692 	  0  	  0  	0.918	0.004	0.045	0.033
 693 	  0  	  0  	0.770	0.017	0.084	0.129
 694 	  0  	  0  	0.967	0.005	0.013	0.014
 695 	  0  	  0  	0.920	0.004	0.048	0.027
 696 	  0  	  0  	0.882	0.015	0.067	0.035
 697 	  0  	  0  	0.963	0.007	0.016	0.014
 698 	  0  	  0  	0.958	0.004	0.022	0.016
 699 	  0  	  0  	0.924	0.009	0.046	0.021
 700 	  0  	  0  	0.957	0.004	0.022	0.016
 701 	  0  	  0  	0.961	0.004	0.018	0.018
 702 	  0  	  0  	0.952	0.005	0.024	0.019
 703 	  0  	  0  	0.955	0.005	0.021	0.019
 704 	  2  	  0  	0.410	0.066	0.487	0.037
 705 	  0  	  0  	0.919	0.005	0.052	0.024
 706 	  0  	  0  	0.913	0.005	0.057	0.025
 707 	  0  	  0  	0.974	0.004	0.008	0.014
 708 	  0  	  0  	0.917	0.006	0.050	0.026
 709 	  0  	  0  	0.915	0.006	0.050	0.029
 710 	  0  	  0  	0.962	0.007	0.015	0.016
 711 	  0  	  0  	0.957	0.008	0.015	0.020
 712 	  2  	  0  	0.410	0.066	0.487	0.037
 713 	  0  	  0  	0.951	0.010	0.017	0.022
 714 	  0  	  0  	0.905	0.016	0.065	0.014
 715 	  0  	  0  	0.940	0.019	0.011	0.030
 716 	  0  	  0  	0.907	0.009	0.068	0.016
 717 	  0  	  0  	0.868	0.010	0.030	0.092
 718 	  0  	  0  	0.872	0.021	0.041	0.067
 719 	  0  	  0  	0.746	0.012	0.073	0.169
 720 	  0  	  0  	0.841	0.015	0.041	0.102
 721 	  0  	  0  	0.937	0.006	0.022	0.034
 722 	  0  	  0  	0.910	0.016	0.024	0.049
 723 	  0  	  0  	0.940	0.006	0.018	0.036
 724 	  0  	  0  	0.918	0.010	0.021	0.052
 725 	  0  	  0  	0.958	0.005	0.029	0.009
 726 	  0  	  0  	0.955	0.005	0.031	0.009
 727 	  0  	  0  	0.974	0.005	0.010	0.010
 728 	  0  	  0  	0.951	0.005	0.035	0.008
 729 	  0  	  0  	0.820	0.010	0.139	0.031
 730 	  0  	  0  	0.975	0.005	0.010	0.010
 731 	  0  	  0  	0.941	0.005	0.043	0.012
 732 	  0  	  0  	0.905	0.007	0.073	0.014
 733 	  0  	  0  	0.975	0.005	0.010	0.010
 734 	  0  	  0  	0.949	0.005	0.033	0.013
 735 	  0  	  0  	0.955	0.005	0.031	0.009
 736 	  0  	  0  	0.977	0.005	0.012	0.006
 737 	  0  	  0  	0.964	0.003	0.024	0.009
 738 	  0  	  0  	0.817	0.008	0.018	0.157
 739 	  0  	  0  	0.976	0.002	0.014	0.007
 740 	  0  	  0  	0.971	0.003	0.020	0.005
 741 	  0  	  0  	0.610	0.010	0.022	0.358
 742 	  0  	  0  	0.978	0.003	0.011	0.008
 743 	  0  	  0  	0.977	0.003	0.012	0.007
 744 	  0  	  0  	0.911	0.009	0.066	0.014
 745 	  0  	  0  	0.951	0.003	0.039	0.007
 746 	  0  	  0  	0.979	0.003	0.013	0.005
 747 	  0  	  0  	0.891	0.010	0.081	0.018
 748 	  0  	  0  	0.948	0.003	0.042	0.007
 749 	  0  	  0  	0.916	0.009	0.042	0.033
 750 	  0  	  0  	0.870	0.010	0.091	0.028
 751 	  0  	  0  	0.978	0.004	0.008	0.010
 752 	  0  	  0  	0.949	0.003	0.043	0.005
 753 	  0  	  0  	0.916	0.009	0.042	0.033
 754 	  0  	  0  	0.969	0.005	0.011	0.015
 755 	  0  	  0  	0.968	0.004	0.024	0.004
 756 	  0  	  0  	0.870	0.010	0.091	0.028
 757 	  0  	  0  	0.942	0.006	0.021	0.031
 758 	  0  	  0  	0.872	0.018	0.103	0.007
 759 	  0  	  0  	0.906	0.014	0.054	0.026
 760 	  0  	  0  	0.925	0.005	0.028	0.042
 761 	  2  	  0  	0.447	0.014	0.520	0.020
 762 	  0  	  0  	0.904	0.014	0.054	0.028
 763 	  0  	  0  	0.957	0.004	0.030	0.009
 764 	  0  	  0  	0.960	0.004	0.028	0.008
 765 	  0  	  0  	0.896	0.016	0.052	0.035
 766 	  0  	  0  	0.934	0.010	0.032	0.024
 767 	  0  	  0  	0.925	0.014	0.041	0.020
 768 	  0  	  0  	0.910	0.011	0.049	0.029
 769 	  0  	  0  	0.932	0.019	0.035	0.014
 770 	  0  	  0  	0.971	0.006	0.017	0.007
 771 	  0  	  0  	0.957	0.004	0.030	0.009
 772 	  0  	  0  	0.965	0.007	0.021	0.007
 773 	  0  	  0  	0.960	0.004	0.028	0.008
 774 	  0  	  0  	0.895	0.015	0.043	0.048
 775 	  0  	  0  	0.909	0.014	0.041	0.035
 776 	  0  	  0  	0.896	0.016	0.052	0.035
 777 	  0  	  0  	0.934	0.010	0.032	0.024
 778 	  0  	  0  	0.874	0.014	0.065	0.048
 779 	  0  	  0  	0.925	0.014	0.041	0.020
 780 	  0  	  0  	0.910	0.011	0.049	0.029
 781 	  0  	  0  	0.916	0.014	0.021	0.049
 782 	  0  	  0  	0.945	0.012	0.017	0.026
 783 	  0  	  0  	0.942	0.015	0.017	0.026
 784 	  0  	  0  	0.916	0.014	0.022	0.048
 785 	  0  	  0  	0.936	0.013	0.022	0.029
 786 	  0  	  0  	0.947	0.013	0.017	0.022
 787 	  0  	  0  	0.964	0.006	0.009	0.021
 788 	  0  	  0  	0.963	0.005	0.007	0.025
 789 	  0  	  0  	0.974	0.006	0.007	0.013
 790 	  0  	  0  	0.943	0.018	0.012	0.027
 791 	  0  	  0  	0.958	0.012	0.008	0.022
 792 	  0  	  0  	0.887	0.006	0.043	0.064
 793 	  0  	  0  	0.927	0.009	0.045	0.019
 794 	  0  	  0  	0.891	0.004	0.051	0.054
 795 	  0  	  0  	0.954	0.007	0.017	0.022
 796 	  0  	  0  	0.897	0.010	0.025	0.068
 797 	  0  	  0  	0.945	0.011	0.018	0.026
 798 	  0  	  0  	0.870	0.017	0.067	0.046
 799 	  0  	  0  	0.913	0.008	0.020	0.059
 800 	  0  	  0  	0.771	0.026	0.148	0.054
 801 	  0  	  0  	0.905	0.009	0.016	0.070
 802 	  0  	  0  	0.897	0.008	0.036	0.059
 803 	  0  	  0  	0.866	0.019	0.042	0.073
 804 	  0  	  0  	0.818	0.021	0.051	0.110
 805 	  0  	  0  	0.756	0.013	0.076	0.155
 806 	  0  	  0  	0.908	0.009	0.027	0.057
 807 	  0  	  0  	0.952	0.004	0.036	0.008
 808 	  0  	  0  	0.974	0.004	0.012	0.010
 809 	  0  	  0  	0.957	0.008	0.017	0.018
 810 	  0  	  0  	0.716	0.080	0.164	0.040
 811 	  0  	  0  	0.889	0.013	0.018	0.079
 812 	  0  	  0  	0.919	0.012	0.020	0.049
 813 	  0  	  0  	0.970	0.007	0.009	0.014
 814 	  0  	  0  	0.894	0.009	0.033	0.064
 815 	  0  	  0  	0.852	0.010	0.126	0.013
 816 	  0  	  0  	0.858	0.019	0.100	0.024
 817 	  0  	  0  	0.905	0.006	0.051	0.038
 818 	  0  	  0  	0.924	0.011	0.049	0.016
 819 	  0  	  0  	0.957	0.006	0.015	0.021
 820 	  0  	  0  	0.962	0.006	0.015	0.017
 821 	  0  	  0  	0.938	0.016	0.030	0.016
 822 	  0  	  0  	0.953	0.008	0.018	0.021
 823 	  0  	  0  	0.943	0.022	0.025	0.010
 824 	  0  	  0  	0.868	0.017	0.041	0.074
 825 	  0  	  0  	0.798	0.019	0.058	0.126
 826 	  0  	  0  	0.793	0.013	0.087	0.107
 827 	  0  	  0  	0.901	0.006	0.050	0.043
 828 	  0  	  0  	0.884	0.009	0.035	0.072
 829 	  0  	  0  	0.960	0.003	0.030	0.007
 830 	  0  	  0  	0.968	0.005	0.011	0.016
 831 	  0  	  0  	0.946	0.009	0.022	0.023
 832 	  0  	  0  	0.921	0.009	0.065	0.005
 833 	  0  	  0  	0.900	0.012	0.017	0.071
 834 	  0  	  0  	0.919	0.011	0.022	0.047
 835 	  0  	  0  	0.904	0.008	0.040	0.049
 836 	  0  	  0  	0.740	0.020	0.155	0.085
 837 	  0  	  0  	0.898	0.008	0.043	0.051
 838 	  0  	  0  	0.772	0.021	0.160	0.047
 839 	  0  	  0  	0.911	0.009	0.026	0.054
 840 	  0  	  0  	0.901	0.016	0.039	0.044
 841 	  0  	  0  	0.886	0.010	0.037	0.067
 842 	  0  	  0  	0.950	0.007	0.035	0.008
 843 	  0  	  0  	0.593	0.182	0.134	0.091
 844 	  0  	  0  	0.839	0.027	0.084	0.050
 845 	  0  	  0  	0.463	0.284	0.181	0.073
 846 	  0  	  0  	0.495	0.310	0.123	0.072
 847 	  0  	  0  	0.892	0.014	0.077	0.016
 848 	  0  	  0  	0.968	0.008	0.012	0.012
 849 	  0  	  0  	0.892	0.014	0.077	0.016
 850 	  0  	  0  	0.968	0.008	0.012	0.012
 851 	  0  	  0  	0.904	0.016	0.061	0.018
 852 	  0  	  0  	0.967	0.007	0.016	0.010
 853 	  0  	  0  	0.651	0.162	0.116	0.070
 854 	  0  	  0  	0.680	0.031	0.251	0.038
