  no	pred	real	Good	Contact	Radius	Hole
  0  	  1  	  1  	0.014	0.959	0.018	0.009	
  1  	  1  	  1  	0.005	0.968	0.017	0.010	
  2  	  1  	  1  	0.011	0.966	0.013	0.011	
  3  	  1  	  1  	0.005	0.968	0.016	0.012	
  4  	  1  	  1  	0.014	0.959	0.018	0.009	
  5  	  1  	  1  	0.005	0.968	0.017	0.010	
  6  	  1  	  1  	0.011	0.971	0.010	0.009	
  7  	  1  	  1  	0.009	0.962	0.015	0.014	
  8  	  1  	  1  	0.012	0.969	0.010	0.009	
  9  	  1  	  1  	0.012	0.969	0.009	0.010	
 10  	  1  	  1  	0.008	0.970	0.012	0.010	
 11  	  1  	  1  	0.016	0.953	0.022	0.009	
 12  	  1  	  1  	0.010	0.966	0.015	0.009	
 13  	  1  	  1  	0.004	0.967	0.018	0.012	
 14  	  1  	  1  	0.013	0.950	0.014	0.023	
 15  	  1  	  1  	0.015	0.970	0.007	0.008	
 16  	  1  	  1  	0.014	0.970	0.007	0.009	
 17  	  1  	  1  	0.007	0.956	0.022	0.016	
 18  	  1  	  1  	0.015	0.952	0.016	0.017	
 19  	  1  	  1  	0.005	0.966	0.013	0.016	
 20  	  1  	  1  	0.005	0.965	0.015	0.014	
 21  	  1  	  1  	0.010	0.965	0.010	0.016	
 22  	  1  	  1  	0.009	0.958	0.020	0.013	
 23  	  1  	  1  	0.009	0.967	0.016	0.008	
 24  	  1  	  1  	0.010	0.970	0.008	0.012	
 25  	  1  	  1  	0.008	0.964	0.015	0.013	
 26  	  1  	  1  	0.008	0.971	0.009	0.013	
 27  	  1  	  1  	0.011	0.969	0.011	0.009	
 28  	  1  	  1  	0.007	0.975	0.007	0.012	
 29  	  1  	  1  	0.009	0.971	0.006	0.014	
 30  	  1  	  1  	0.012	0.961	0.010	0.017	
 31  	  1  	  1  	0.007	0.975	0.008	0.010	
 32  	  1  	  1  	0.008	0.975	0.005	0.012	
 33  	  1  	  1  	0.008	0.968	0.009	0.016	
 34  	  1  	  1  	0.005	0.969	0.010	0.016	
 35  	  1  	  1  	0.005	0.976	0.009	0.010	
 36  	  1  	  1  	0.005	0.972	0.010	0.012	
 37  	  1  	  1  	0.008	0.963	0.014	0.015	
 38  	  1  	  1  	0.008	0.975	0.009	0.008	
 39  	  1  	  1  	0.013	0.971	0.005	0.011	
 40  	  1  	  1  	0.010	0.953	0.026	0.011	
 41  	  1  	  1  	0.011	0.973	0.008	0.009	
 42  	  1  	  1  	0.008	0.963	0.014	0.015	
 43  	  1  	  1  	0.013	0.971	0.005	0.011	
 44  	  1  	  1  	0.011	0.953	0.025	0.011	
 45  	  1  	  1  	0.011	0.973	0.008	0.009	
 46  	  1  	  1  	0.007	0.952	0.020	0.021	
 47  	  1  	  1  	0.013	0.968	0.006	0.014	
 48  	  1  	  1  	0.013	0.958	0.018	0.011	
 49  	  1  	  1  	0.010	0.971	0.009	0.010	
 50  	  1  	  1  	0.010	0.968	0.010	0.013	
 51  	  1  	  1  	0.016	0.962	0.008	0.014	
 52  	  1  	  1  	0.016	0.964	0.010	0.011	
 53  	  1  	  1  	0.006	0.971	0.011	0.012	
 54  	  1  	  1  	0.016	0.962	0.008	0.014	
 55  	  1  	  1  	0.016	0.964	0.010	0.011	
 56  	  1  	  1  	0.006	0.971	0.011	0.012	
 57  	  1  	  1  	0.008	0.968	0.010	0.014	
 58  	  1  	  1  	0.012	0.965	0.012	0.011	
 59  	  1  	  1  	0.010	0.952	0.025	0.014	
 60  	  1  	  1  	0.013	0.971	0.007	0.009	
 61  	  1  	  1  	0.010	0.961	0.010	0.019	
 62  	  1  	  1  	0.012	0.970	0.010	0.008	
 63  	  1  	  1  	0.008	0.964	0.016	0.013	
 64  	  1  	  1  	0.010	0.961	0.010	0.019	
 65  	  1  	  1  	0.007	0.957	0.023	0.013	
 66  	  1  	  1  	0.015	0.964	0.012	0.009	
 67  	  1  	  1  	0.011	0.962	0.013	0.014	
 68  	  1  	  1  	0.017	0.956	0.017	0.010	
 69  	  1  	  1  	0.010	0.969	0.010	0.010	
 70  	  1  	  1  	0.013	0.962	0.015	0.010	
 71  	  1  	  1  	0.009	0.964	0.011	0.016	
 72  	  1  	  1  	0.007	0.965	0.017	0.010	
 73  	  1  	  1  	0.009	0.958	0.020	0.014	
 74  	  1  	  1  	0.010	0.965	0.016	0.009	
 75  	  1  	  1  	0.015	0.964	0.010	0.011	
 76  	  1  	  1  	0.007	0.960	0.024	0.009	
 77  	  1  	  1  	0.009	0.950	0.029	0.012	
 78  	  1  	  1  	0.003	0.971	0.015	0.011	
 79  	  1  	  1  	0.003	0.949	0.032	0.015	
 80  	  1  	  1  	0.005	0.955	0.027	0.013	
 81  	  1  	  1  	0.005	0.964	0.020	0.011	
 82  	  1  	  1  	0.017	0.914	0.057	0.012	
 83  	  1  	  1  	0.018	0.944	0.030	0.008	
 84  	  1  	  1  	0.012	0.897	0.060	0.031	
 85  	  1  	  1  	0.013	0.960	0.011	0.015	
 86  	  1  	  1  	0.014	0.893	0.081	0.012	
 87  	  1  	  1  	0.018	0.963	0.011	0.008	
 88  	  1  	  1  	0.012	0.940	0.031	0.017	
 89  	  1  	  1  	0.006	0.966	0.011	0.018	
 90  	  1  	  1  	0.014	0.957	0.017	0.012	
 91  	  1  	  1  	0.007	0.973	0.010	0.009	
 92  	  1  	  1  	0.014	0.970	0.007	0.009	
 93  	  1  	  1  	0.018	0.952	0.019	0.011	
 94  	  1  	  1  	0.011	0.967	0.009	0.013	
 95  	  1  	  1  	0.029	0.952	0.009	0.011	
 96  	  1  	  1  	0.015	0.962	0.010	0.013	
 97  	  1  	  1  	0.003	0.945	0.024	0.027	
 98  	  1  	  1  	0.008	0.966	0.012	0.013	
 99  	  1  	  1  	0.012	0.969	0.007	0.012	
 100 	  1  	  1  	0.032	0.943	0.016	0.009	
 101 	  1  	  1  	0.006	0.962	0.021	0.011	
 102 	  1  	  1  	0.007	0.966	0.016	0.012	
 103 	  1  	  1  	0.013	0.846	0.118	0.023	
 104 	  1  	  1  	0.007	0.963	0.020	0.010	
 105 	  1  	  1  	0.005	0.970	0.012	0.012	
 106 	  1  	  1  	0.012	0.964	0.014	0.011	
 107 	  1  	  1  	0.075	0.832	0.081	0.012	
 108 	  1  	  1  	0.009	0.969	0.009	0.013	
 109 	  1  	  1  	0.008	0.971	0.009	0.012	
 110 	  1  	  1  	0.012	0.941	0.028	0.019	
 111 	  1  	  1  	0.015	0.962	0.010	0.013	
 112 	  1  	  1  	0.010	0.967	0.012	0.012	
 113 	  1  	  1  	0.010	0.964	0.015	0.011	
 114 	  1  	  1  	0.007	0.952	0.019	0.022	
 115 	  1  	  1  	0.009	0.971	0.013	0.008	
 116 	  1  	  1  	0.006	0.961	0.013	0.020	
 117 	  1  	  1  	0.008	0.966	0.010	0.016	
 118 	  1  	  1  	0.008	0.971	0.009	0.012	
 119 	  1  	  1  	0.012	0.968	0.009	0.011	
 120 	  1  	  1  	0.009	0.953	0.023	0.015	
 121 	  1  	  1  	0.013	0.955	0.017	0.015	
 122 	  1  	  1  	0.011	0.970	0.007	0.012	
 123 	  1  	  1  	0.012	0.970	0.006	0.012	
 124 	  1  	  1  	0.012	0.951	0.026	0.011	
 125 	  1  	  1  	0.012	0.957	0.014	0.017	
 126 	  1  	  1  	0.021	0.959	0.011	0.008	
 127 	  1  	  1  	0.013	0.969	0.007	0.011	
 128 	  1  	  1  	0.012	0.955	0.020	0.013	
 129 	  1  	  1  	0.002	0.935	0.019	0.043	
 130 	  1  	  1  	0.011	0.963	0.015	0.011	
 131 	  1  	  1  	0.007	0.968	0.015	0.010	
 132 	  1  	  1  	0.005	0.962	0.017	0.017	
 133 	  1  	  1  	0.009	0.973	0.009	0.009	
 134 	  1  	  1  	0.022	0.955	0.013	0.009	
 135 	  1  	  1  	0.009	0.971	0.007	0.013	
 136 	  1  	  1  	0.008	0.955	0.023	0.014	
 137 	  1  	  1  	0.013	0.957	0.012	0.018	
 138 	  1  	  1  	0.013	0.961	0.016	0.010	
 139 	  1  	  1  	0.007	0.976	0.008	0.009	
 140 	  1  	  1  	0.013	0.972	0.007	0.008	
 141 	  1  	  1  	0.013	0.965	0.007	0.016	
 142 	  2  	  2  	0.008	0.013	0.957	0.021	
 143 	  2  	  2  	0.016	0.008	0.960	0.016	
 144 	  2  	  2  	0.012	0.007	0.963	0.018	
 145 	  2  	  2  	0.019	0.009	0.952	0.020	
 146 	  2  	  2  	0.013	0.008	0.965	0.014	
 147 	  2  	  2  	0.009	0.018	0.954	0.018	
 148 	  2  	  2  	0.014	0.017	0.958	0.011	
 149 	  2  	  2  	0.004	0.026	0.951	0.020	
 150 	  2  	  2  	0.048	0.047	0.889	0.015	
 151 	  2  	  2  	0.007	0.022	0.949	0.022	
 152 	  2  	  2  	0.010	0.014	0.959	0.018	
 153 	  2  	  2  	0.393	0.126	0.464	0.017	
 154 	  2  	  2  	0.041	0.008	0.918	0.034	
 155 	  2  	  2  	0.014	0.013	0.952	0.022	
 156 	  2  	  2  	0.013	0.014	0.957	0.017	
 157 	  2  	  2  	0.007	0.011	0.960	0.022	
 158 	  2  	  2  	0.012	0.015	0.954	0.020	
 159 	  2  	  2  	0.318	0.046	0.607	0.029	
 160 	  2  	  2  	0.011	0.017	0.956	0.015	
 161 	  2  	  2  	0.009	0.013	0.960	0.017	
 162 	  2  	  2  	0.007	0.012	0.963	0.018	
 163 	  2  	  2  	0.017	0.014	0.948	0.021	
 164 	  2  	  2  	0.007	0.015	0.958	0.021	
 165 	  2  	  2  	0.010	0.010	0.959	0.021	
 166 	  2  	  2  	0.011	0.018	0.950	0.021	
 167 	  2  	  2  	0.006	0.012	0.953	0.028	
 168 	  2  	  2  	0.007	0.010	0.962	0.021	
 169 	  2  	  2  	0.006	0.012	0.958	0.024	
 170 	  2  	  2  	0.017	0.013	0.918	0.052	
 171 	  2  	  2  	0.021	0.008	0.956	0.015	
 172 	  2  	  2  	0.010	0.017	0.955	0.019	
 173 	  2  	  2  	0.011	0.016	0.958	0.015	
 174 	  2  	  2  	0.007	0.024	0.943	0.026	
 175 	  2  	  2  	0.010	0.015	0.954	0.021	
 176 	  2  	  2  	0.013	0.011	0.956	0.020	
 177 	  2  	  2  	0.010	0.017	0.955	0.019	
 178 	  2  	  2  	0.009	0.017	0.957	0.017	
 179 	  2  	  2  	0.009	0.026	0.942	0.023	
 180 	  2  	  2  	0.010	0.014	0.956	0.020	
 181 	  2  	  2  	0.012	0.013	0.960	0.015	
 182 	  2  	  2  	0.009	0.015	0.961	0.014	
 183 	  2  	  2  	0.015	0.014	0.954	0.017	
 184 	  2  	  2  	0.012	0.013	0.963	0.012	
 185 	  2  	  2  	0.043	0.010	0.936	0.011	
 186 	  2  	  2  	0.119	0.022	0.837	0.021	
 187 	  2  	  2  	0.012	0.018	0.954	0.016	
 188 	  2  	  2  	0.011	0.022	0.952	0.015	
 189 	  2  	  2  	0.005	0.016	0.966	0.012	
 190 	  2  	  2  	0.008	0.019	0.953	0.020	
 191 	  2  	  2  	0.008	0.033	0.946	0.013	
 192 	  2  	  2  	0.014	0.013	0.958	0.014	
 193 	  2  	  2  	0.009	0.023	0.949	0.020	
 194 	  2  	  2  	0.010	0.019	0.954	0.018	
 195 	  2  	  2  	0.009	0.017	0.956	0.018	
 196 	  2  	  2  	0.008	0.013	0.962	0.018	
 197 	  2  	  2  	0.014	0.018	0.955	0.013	
 198 	  2  	  2  	0.009	0.011	0.961	0.019	
 199 	  2  	  2  	0.008	0.013	0.962	0.018	
 200 	  2  	  2  	0.009	0.015	0.958	0.018	
 201 	  2  	  2  	0.019	0.017	0.948	0.015	
 202 	  2  	  2  	0.025	0.019	0.939	0.017	
 203 	  2  	  2  	0.018	0.018	0.948	0.015	
 204 	  2  	  2  	0.014	0.019	0.951	0.016	
 205 	  2  	  2  	0.011	0.028	0.943	0.019	
 206 	  2  	  2  	0.012	0.013	0.955	0.020	
 207 	  2  	  2  	0.012	0.019	0.948	0.020	
 208 	  2  	  2  	0.011	0.014	0.955	0.020	
 209 	  2  	  2  	0.012	0.023	0.946	0.018	
 210 	  2  	  2  	0.008	0.013	0.960	0.018	
 211 	  2  	  2  	0.008	0.015	0.959	0.018	
 212 	  2  	  2  	0.011	0.013	0.963	0.013	
 213 	  2  	  2  	0.008	0.015	0.959	0.018	
 214 	  2  	  2  	0.011	0.013	0.963	0.013	
 215 	  2  	  2  	0.011	0.012	0.958	0.019	
 216 	  2  	  2  	0.012	0.012	0.959	0.017	
 217 	  2  	  2  	0.012	0.015	0.958	0.015	
 218 	  2  	  2  	0.031	0.013	0.940	0.016	
 219 	  2  	  2  	0.014	0.028	0.941	0.017	
 220 	  2  	  2  	0.012	0.013	0.957	0.018	
 221 	  2  	  2  	0.031	0.013	0.940	0.016	
 222 	  2  	  2  	0.014	0.021	0.929	0.035	
 223 	  2  	  2  	0.007	0.018	0.962	0.012	
 224 	  2  	  2  	0.004	0.014	0.962	0.020	
 225 	  2  	  2  	0.007	0.018	0.960	0.016	
 226 	  2  	  2  	0.004	0.016	0.959	0.021	
 227 	  2  	  2  	0.004	0.016	0.959	0.021	
 228 	  2  	  2  	0.004	0.014	0.962	0.020	
 229 	  2  	  2  	0.061	0.335	0.562	0.042	
 230 	  2  	  2  	0.016	0.013	0.960	0.011	
 231 	  2  	  2  	0.075	0.377	0.509	0.039	
 232 	  2  	  2  	0.018	0.013	0.958	0.011	
 233 	  2  	  2  	0.009	0.014	0.961	0.016	
 234 	  2  	  2  	0.011	0.019	0.955	0.015	
 235 	  1  	  2  	0.017	0.852	0.096	0.035	
 236 	  2  	  2  	0.014	0.023	0.951	0.011	
 237 	  2  	  2  	0.010	0.012	0.951	0.026	
 238 	  2  	  2  	0.017	0.012	0.957	0.015	
 239 	  2  	  2  	0.008	0.018	0.958	0.017	
 240 	  2  	  2  	0.012	0.011	0.965	0.012	
 241 	  2  	  2  	0.006	0.022	0.952	0.019	
 242 	  2  	  2  	0.012	0.019	0.958	0.012	
 243 	  2  	  2  	0.005	0.011	0.964	0.020	
 244 	  2  	  2  	0.012	0.012	0.965	0.011	
 245 	  2  	  2  	0.009	0.020	0.956	0.015	
 246 	  2  	  2  	0.009	0.009	0.968	0.013	
 247 	  2  	  2  	0.007	0.014	0.962	0.018	
 248 	  2  	  2  	0.014	0.013	0.956	0.017	
 249 	  2  	  2  	0.012	0.013	0.962	0.013	
 250 	  2  	  2  	0.009	0.020	0.940	0.031	
 251 	  0  	  2  	0.509	0.080	0.398	0.013	
 252 	  2  	  2  	0.012	0.011	0.959	0.018	
 253 	  2  	  2  	0.011	0.019	0.957	0.014	
 254 	  2  	  2  	0.014	0.012	0.948	0.026	
 255 	  2  	  2  	0.183	0.101	0.702	0.014	
 256 	  2  	  2  	0.052	0.010	0.927	0.012	
 257 	  3  	  3  	0.023	0.026	0.024	0.927	
 258 	  3  	  3  	0.009	0.039	0.014	0.937	
 259 	  3  	  3  	0.020	0.028	0.032	0.919	
 260 	  3  	  3  	0.012	0.026	0.034	0.928	
 261 	  3  	  3  	0.014	0.030	0.037	0.919	
 262 	  3  	  3  	0.008	0.021	0.027	0.944	
 263 	  3  	  3  	0.006	0.034	0.042	0.918	
 264 	  3  	  3  	0.025	0.034	0.046	0.895	
 265 	  3  	  3  	0.017	0.034	0.037	0.912	
 266 	  3  	  3  	0.008	0.035	0.035	0.922	
 267 	  3  	  3  	0.017	0.050	0.041	0.892	
 268 	  3  	  3  	0.008	0.024	0.031	0.937	
 269 	  3  	  3  	0.011	0.018	0.025	0.946	
 270 	  3  	  3  	0.019	0.036	0.043	0.902	
 271 	  3  	  3  	0.009	0.030	0.037	0.924	
 272 	  3  	  3  	0.009	0.027	0.035	0.928	
 273 	  3  	  3  	0.014	0.046	0.072	0.868	
 274 	  3  	  3  	0.015	0.026	0.036	0.924	
 275 	  3  	  3  	0.009	0.036	0.037	0.918	
 276 	  3  	  3  	0.017	0.046	0.042	0.896	
 277 	  3  	  3  	0.016	0.040	0.033	0.911	
 278 	  3  	  3  	0.010	0.018	0.024	0.947	
 279 	  3  	  3  	0.008	0.032	0.045	0.915	
 280 	  3  	  3  	0.014	0.014	0.060	0.912	
 281 	  3  	  3  	0.008	0.019	0.021	0.952	
 282 	  3  	  3  	0.168	0.054	0.022	0.756	
 283 	  3  	  3  	0.053	0.063	0.027	0.856	
 284 	  3  	  3  	0.040	0.037	0.030	0.893	
 285 	  3  	  3  	0.010	0.038	0.046	0.906	
 286 	  3  	  3  	0.081	0.021	0.031	0.867	
 287 	  3  	  3  	0.008	0.014	0.029	0.949	
 288 	  3  	  3  	0.009	0.018	0.033	0.940	
 289 	  1  	  3  	0.026	0.792	0.014	0.168	
 290 	  3  	  3  	0.005	0.012	0.028	0.955	
 291 	  3  	  3  	0.015	0.023	0.037	0.925	
 292 	  3  	  3  	0.011	0.077	0.053	0.859	
 293 	  3  	  3  	0.019	0.030	0.028	0.923	
 294 	  3  	  3  	0.012	0.008	0.030	0.951	
 295 	  3  	  3  	0.019	0.021	0.024	0.936	
 296 	  1  	  3  	0.013	0.676	0.045	0.267	
 297 	  3  	  3  	0.010	0.151	0.014	0.824	
 298 	  3  	  3  	0.005	0.016	0.027	0.952	
 299 	  3  	  3  	0.013	0.018	0.035	0.934	
 300 	  3  	  3  	0.016	0.030	0.031	0.923	
 301 	  3  	  3  	0.023	0.025	0.029	0.924	
 302 	  3  	  3  	0.011	0.011	0.025	0.953	
 303 	  3  	  3  	0.011	0.015	0.039	0.935	
 304 	  3  	  3  	0.027	0.032	0.037	0.904	
 305 	  3  	  3  	0.021	0.022	0.030	0.926	
 306 	  3  	  3  	0.011	0.017	0.048	0.924	
 307 	  3  	  3  	0.010	0.034	0.025	0.930	
 308 	  3  	  3  	0.009	0.029	0.031	0.931	
 309 	  3  	  3  	0.008	0.019	0.028	0.945	
 310 	  3  	  3  	0.012	0.016	0.024	0.948	
 311 	  3  	  3  	0.007	0.028	0.025	0.940	
 312 	  3  	  3  	0.005	0.023	0.034	0.937	
 313 	  3  	  3  	0.016	0.032	0.040	0.912	
 314 	  3  	  3  	0.007	0.024	0.047	0.922	
 315 	  3  	  3  	0.019	0.055	0.022	0.904	
 316 	  3  	  3  	0.014	0.020	0.033	0.934	
 317 	  3  	  3  	0.007	0.020	0.038	0.934	
 318 	  3  	  3  	0.011	0.042	0.020	0.927	
 319 	  3  	  3  	0.009	0.071	0.049	0.871	
 320 	  3  	  3  	0.006	0.017	0.025	0.953	
 321 	  3  	  3  	0.025	0.017	0.021	0.937	
 322 	  3  	  3  	0.010	0.024	0.052	0.915	
 323 	  3  	  3  	0.030	0.054	0.029	0.888	
 324 	  3  	  3  	0.018	0.020	0.037	0.925	
 325 	  3  	  3  	0.016	0.018	0.026	0.940	
 326 	  3  	  3  	0.007	0.038	0.046	0.908	
 327 	  3  	  3  	0.016	0.011	0.021	0.952	
 328 	  3  	  3  	0.014	0.016	0.049	0.921	
 329 	  3  	  3  	0.010	0.008	0.039	0.943	
 330 	  3  	  3  	0.007	0.026	0.061	0.906	
 331 	  3  	  3  	0.019	0.022	0.018	0.942	
 332 	  3  	  3  	0.028	0.027	0.025	0.920	
 333 	  3  	  3  	0.010	0.021	0.017	0.952	
 334 	  3  	  3  	0.075	0.049	0.113	0.762	
 335 	  3  	  3  	0.024	0.018	0.018	0.941	
 336 	  3  	  3  	0.009	0.014	0.036	0.941	
 337 	  3  	  3  	0.017	0.017	0.044	0.922	
 338 	  3  	  3  	0.012	0.027	0.033	0.928	
 339 	  3  	  3  	0.011	0.029	0.036	0.924	
 340 	  3  	  3  	0.009	0.023	0.048	0.920	
 341 	  3  	  3  	0.052	0.018	0.025	0.905	
 342 	  3  	  3  	0.018	0.045	0.020	0.917	
 343 	  3  	  3  	0.009	0.024	0.041	0.926	
 344 	  3  	  3  	0.021	0.022	0.019	0.939	
 345 	  3  	  3  	0.013	0.016	0.021	0.950	
 346 	  3  	  3  	0.086	0.019	0.032	0.862	
 347 	  3  	  3  	0.138	0.027	0.032	0.803	
 348 	  3  	  3  	0.014	0.035	0.035	0.916	
 349 	  3  	  3  	0.009	0.036	0.024	0.932	
 350 	  3  	  3  	0.020	0.035	0.037	0.908	
 351 	  3  	  3  	0.013	0.036	0.038	0.912	
 352 	  3  	  3  	0.011	0.019	0.035	0.935	
 353 	  3  	  3  	0.012	0.032	0.021	0.934	
 354 	  3  	  3  	0.008	0.025	0.024	0.942	
 355 	  3  	  3  	0.014	0.023	0.023	0.940	
 356 	  3  	  3  	0.009	0.040	0.027	0.923	
 357 	  3  	  3  	0.047	0.036	0.041	0.876	
 358 	  3  	  3  	0.012	0.040	0.033	0.915	
 359 	  3  	  3  	0.011	0.039	0.026	0.924	
 360 	  3  	  3  	0.009	0.014	0.029	0.948	
 361 	  3  	  3  	0.016	0.039	0.042	0.903	
 362 	  3  	  3  	0.014	0.019	0.047	0.921	
 363 	  3  	  3  	0.011	0.020	0.047	0.923	
 364 	  3  	  3  	0.015	0.039	0.033	0.913	
 365 	  3  	  3  	0.021	0.022	0.033	0.924	
 366 	  3  	  3  	0.016	0.039	0.042	0.903	
 367 	  3  	  3  	0.014	0.019	0.047	0.921	
 368 	  3  	  3  	0.012	0.040	0.033	0.915	
 369 	  3  	  3  	0.011	0.039	0.026	0.924	
 370 	  3  	  3  	0.009	0.014	0.029	0.948	
 371 	  3  	  3  	0.019	0.022	0.034	0.924	
 372 	  3  	  3  	0.020	0.034	0.024	0.922	
 373 	  3  	  3  	0.009	0.033	0.028	0.930	
 374 	  3  	  3  	0.012	0.029	0.022	0.937	
 375 	  3  	  3  	0.053	0.032	0.036	0.880	
 376 	  3  	  3  	0.007	0.033	0.025	0.935	
 377 	  3  	  3  	0.012	0.031	0.021	0.936	
 378 	  3  	  3  	0.007	0.025	0.029	0.939	
 379 	  3  	  3  	0.017	0.015	0.022	0.945	
 380 	  3  	  3  	0.017	0.013	0.017	0.953	
 381 	  3  	  3  	0.014	0.035	0.035	0.916	
 382 	  3  	  3  	0.009	0.036	0.024	0.932	
 383 	  3  	  3  	0.020	0.035	0.037	0.908	
 384 	  3  	  3  	0.009	0.029	0.039	0.923	
 385 	  3  	  3  	0.011	0.033	0.019	0.937	
 386 	  3  	  3  	0.032	0.017	0.013	0.938	
 387 	  3  	  3  	0.008	0.029	0.030	0.932	
 388 	  3  	  3  	0.010	0.025	0.032	0.933	
 389 	  3  	  3  	0.013	0.009	0.016	0.962	
 390 	  3  	  3  	0.010	0.026	0.039	0.925	
 391 	  3  	  3  	0.011	0.029	0.021	0.940	
 392 	  3  	  3  	0.012	0.031	0.017	0.940	
 393 	  3  	  3  	0.012	0.024	0.029	0.935	
 394 	  3  	  3  	0.011	0.018	0.038	0.933	
 395 	  3  	  3  	0.037	0.020	0.044	0.899	
 396 	  3  	  3  	0.008	0.026	0.030	0.936	
 397 	  3  	  3  	0.018	0.015	0.022	0.946	
 398 	  3  	  3  	0.003	0.008	0.021	0.968	
 399 	  3  	  3  	0.013	0.036	0.038	0.912	
 400 	  3  	  3  	0.011	0.019	0.035	0.935	
 401 	  3  	  3  	0.012	0.032	0.021	0.934	
 402 	  3  	  3  	0.022	0.032	0.025	0.921	
 403 	  3  	  3  	0.024	0.032	0.024	0.919	
 404 	  3  	  3  	0.022	0.032	0.025	0.921	
 405 	  3  	  3  	0.006	0.036	0.039	0.919	
 406 	  3  	  3  	0.045	0.016	0.024	0.915	
 407 	  3  	  3  	0.013	0.045	0.036	0.905	
 408 	  3  	  3  	0.007	0.030	0.068	0.895	
 409 	  3  	  3  	0.016	0.038	0.027	0.918	
 410 	  3  	  3  	0.013	0.047	0.034	0.905	
 411 	  3  	  3  	0.007	0.030	0.069	0.894	
 412 	  3  	  3  	0.016	0.028	0.017	0.939	
 413 	  3  	  3  	0.012	0.040	0.036	0.913	
 414 	  3  	  3  	0.006	0.035	0.037	0.922	
 415 	  3  	  3  	0.014	0.028	0.019	0.940	
 416 	  3  	  3  	0.012	0.045	0.035	0.908	
 417 	  3  	  3  	0.006	0.035	0.039	0.921	
 418 	  3  	  3  	0.016	0.028	0.018	0.938	
 419 	  3  	  3  	0.019	0.027	0.051	0.903	
 420 	  3  	  3  	0.013	0.023	0.033	0.931	
 421 	  3  	  3  	0.018	0.032	0.048	0.901	
 422 	  3  	  3  	0.010	0.024	0.029	0.937	
 423 	  3  	  3  	0.013	0.029	0.043	0.915	
 424 	  3  	  3  	0.011	0.030	0.035	0.924	
 425 	  3  	  3  	0.017	0.037	0.036	0.909	
 426 	  3  	  3  	0.015	0.024	0.040	0.920	
 427 	  3  	  3  	0.016	0.061	0.020	0.903	
 428 	  3  	  3  	0.014	0.015	0.016	0.955	
 429 	  3  	  3  	0.023	0.030	0.030	0.918	
 430 	  3  	  3  	0.026	0.043	0.035	0.897	
 431 	  3  	  3  	0.023	0.030	0.030	0.918	
 432 	  3  	  3  	0.026	0.043	0.035	0.897	
 433 	  3  	  3  	0.042	0.023	0.029	0.906	
 434 	  3  	  3  	0.047	0.024	0.029	0.901	
 435 	  3  	  3  	0.017	0.024	0.016	0.944	
 436 	  3  	  3  	0.017	0.010	0.023	0.950	
 437 	  3  	  3  	0.013	0.016	0.033	0.939	
 438 	  3  	  3  	0.013	0.031	0.017	0.939	
 439 	  3  	  3  	0.018	0.012	0.020	0.950	
 440 	  3  	  3  	0.009	0.028	0.029	0.934	
 441 	  3  	  3  	0.024	0.019	0.020	0.937	
 442 	  3  	  3  	0.007	0.012	0.032	0.949	
 443 	  3  	  3  	0.008	0.029	0.030	0.934	
 444 	  3  	  3  	0.013	0.019	0.036	0.932	
 445 	  3  	  3  	0.021	0.019	0.022	0.939	
 446 	  3  	  3  	0.008	0.029	0.030	0.934	
 447 	  3  	  3  	0.013	0.019	0.036	0.932	
 448 	  3  	  3  	0.021	0.019	0.022	0.939	
 449 	  3  	  3  	0.009	0.028	0.029	0.934	
 450 	  3  	  3  	0.024	0.019	0.020	0.937	
 451 	  3  	  3  	0.007	0.012	0.032	0.949	
 452 	  3  	  3  	0.020	0.025	0.022	0.933	
 453 	  3  	  3  	0.029	0.044	0.022	0.904	
 454 	  3  	  3  	0.018	0.020	0.055	0.908	
 455 	  3  	  3  	0.022	0.025	0.019	0.934	
 456 	  3  	  3  	0.031	0.012	0.026	0.932	
 457 	  3  	  3  	0.029	0.018	0.018	0.935	
 458 	  3  	  3  	0.032	0.024	0.042	0.902	
 459 	  3  	  3  	0.025	0.030	0.022	0.923	
 460 	  3  	  3  	0.022	0.014	0.026	0.939	
 461 	  3  	  3  	0.013	0.011	0.011	0.966	
 462 	  3  	  3  	0.011	0.013	0.044	0.932	
 463 	  3  	  3  	0.005	0.019	0.021	0.954	
 464 	  1  	  3  	0.028	0.868	0.013	0.091	
 465 	  3  	  3  	0.022	0.013	0.038	0.927	
 466 	  3  	  3  	0.016	0.026	0.025	0.933	
 467 	  3  	  3  	0.019	0.047	0.026	0.908	
 468 	  3  	  3  	0.031	0.041	0.026	0.901	
 469 	  3  	  3  	0.012	0.020	0.058	0.910	
 470 	  3  	  3  	0.054	0.020	0.033	0.893	
 471 	  3  	  3  	0.065	0.025	0.033	0.876	
 472 	  3  	  3  	0.008	0.023	0.033	0.936	
 473 	  3  	  3  	0.008	0.037	0.023	0.932	
 474 	  3  	  3  	0.010	0.015	0.017	0.958	
 475 	  3  	  3  	0.006	0.015	0.036	0.943	
 476 	  3  	  3  	0.005	0.036	0.032	0.927	
 477 	  3  	  3  	0.013	0.024	0.038	0.925	
 478 	  3  	  3  	0.028	0.056	0.038	0.877	
 479 	  3  	  3  	0.024	0.039	0.027	0.910	
 480 	  3  	  3  	0.040	0.026	0.031	0.903	
 481 	  3  	  3  	0.011	0.025	0.021	0.944	
 482 	  3  	  3  	0.008	0.015	0.035	0.942	
 483 	  3  	  3  	0.011	0.031	0.023	0.935	
 484 	  3  	  3  	0.015	0.015	0.032	0.939	
 485 	  3  	  3  	0.023	0.021	0.023	0.932	
 486 	  3  	  3  	0.008	0.028	0.034	0.930	
 487 	  3  	  3  	0.023	0.015	0.027	0.934	
 488 	  3  	  3  	0.011	0.042	0.021	0.927	
 489 	  3  	  3  	0.032	0.032	0.032	0.905	
 490 	  3  	  3  	0.011	0.049	0.018	0.923	
 491 	  3  	  3  	0.011	0.019	0.033	0.938	
 492 	  3  	  3  	0.016	0.022	0.034	0.928	
 493 	  3  	  3  	0.037	0.028	0.013	0.922	
 494 	  3  	  3  	0.015	0.027	0.017	0.941	
 495 	  3  	  3  	0.015	0.032	0.025	0.928	
 496 	  3  	  3  	0.013	0.043	0.022	0.922	
 497 	  3  	  3  	0.012	0.019	0.034	0.935	
 498 	  3  	  3  	0.008	0.017	0.029	0.946	
 499 	  3  	  3  	0.194	0.043	0.024	0.740	
 500 	  3  	  3  	0.023	0.030	0.065	0.882	
 501 	  3  	  3  	0.010	0.041	0.062	0.887	
 502 	  3  	  3  	0.067	0.018	0.029	0.885	
 503 	  3  	  3  	0.010	0.016	0.028	0.945	
 504 	  3  	  3  	0.011	0.041	0.051	0.897	
 505 	  1  	  3  	0.044	0.490	0.030	0.436	
 506 	  3  	  3  	0.008	0.022	0.026	0.944	
 507 	  3  	  3  	0.016	0.017	0.027	0.939	
 508 	  3  	  3  	0.009	0.017	0.046	0.928	
 509 	  3  	  3  	0.074	0.034	0.035	0.857	
 510 	  0  	  0  	0.976	0.010	0.007	0.007	
 511 	  0  	  0  	0.972	0.009	0.010	0.009	
 512 	  0  	  0  	0.967	0.015	0.008	0.010	
 513 	  0  	  0  	0.972	0.012	0.009	0.007	
 514 	  0  	  0  	0.975	0.007	0.009	0.008	
 515 	  0  	  0  	0.976	0.010	0.007	0.007	
 516 	  0  	  0  	0.972	0.009	0.010	0.009	
 517 	  0  	  0  	0.967	0.015	0.008	0.010	
 518 	  0  	  0  	0.975	0.004	0.011	0.009	
 519 	  0  	  0  	0.974	0.006	0.007	0.012	
 520 	  0  	  0  	0.979	0.006	0.006	0.009	
 521 	  0  	  0  	0.974	0.011	0.008	0.007	
 522 	  0  	  0  	0.977	0.005	0.006	0.011	
 523 	  0  	  0  	0.975	0.005	0.010	0.010	
 524 	  0  	  0  	0.977	0.008	0.007	0.007	
 525 	  0  	  0  	0.976	0.010	0.006	0.008	
 526 	  0  	  0  	0.906	0.048	0.033	0.013	
 527 	  0  	  0  	0.869	0.011	0.080	0.040	
 528 	  0  	  0  	0.961	0.018	0.012	0.009	
 529 	  0  	  0  	0.948	0.012	0.027	0.013	
 530 	  0  	  0  	0.830	0.013	0.111	0.046	
 531 	  0  	  0  	0.959	0.013	0.019	0.010	
 532 	  0  	  0  	0.964	0.008	0.017	0.011	
 533 	  0  	  0  	0.975	0.015	0.005	0.005	
 534 	  0  	  0  	0.979	0.009	0.007	0.004	
 535 	  0  	  0  	0.974	0.011	0.007	0.008	
 536 	  0  	  0  	0.975	0.009	0.009	0.008	
 537 	  0  	  0  	0.976	0.014	0.005	0.005	
 538 	  0  	  0  	0.974	0.011	0.008	0.006	
 539 	  0  	  0  	0.980	0.007	0.006	0.007	
 540 	  0  	  0  	0.968	0.015	0.008	0.009	
 541 	  0  	  0  	0.976	0.008	0.008	0.008	
 542 	  0  	  0  	0.636	0.014	0.082	0.268	
 543 	  0  	  0  	0.966	0.007	0.020	0.007	
 544 	  0  	  0  	0.981	0.006	0.007	0.005	
 545 	  0  	  0  	0.973	0.012	0.006	0.009	
 546 	  0  	  0  	0.975	0.010	0.009	0.006	
 547 	  0  	  0  	0.976	0.007	0.009	0.008	
 548 	  0  	  0  	0.974	0.009	0.007	0.011	
 549 	  0  	  0  	0.977	0.008	0.007	0.008	
 550 	  0  	  0  	0.979	0.008	0.005	0.008	
 551 	  0  	  0  	0.966	0.017	0.010	0.007	
 552 	  0  	  0  	0.960	0.014	0.017	0.010	
 553 	  0  	  0  	0.979	0.008	0.006	0.008	
 554 	  0  	  0  	0.974	0.013	0.007	0.007	
 555 	  0  	  0  	0.957	0.012	0.019	0.012	
 556 	  0  	  0  	0.979	0.013	0.004	0.004	
 557 	  0  	  0  	0.974	0.009	0.008	0.009	
 558 	  0  	  0  	0.963	0.010	0.021	0.007	
 559 	  0  	  0  	0.977	0.008	0.007	0.007	
 560 	  0  	  0  	0.981	0.013	0.003	0.003	
 561 	  0  	  0  	0.980	0.007	0.006	0.007	
 562 	  0  	  0  	0.980	0.007	0.005	0.008	
 563 	  0  	  0  	0.980	0.008	0.005	0.008	
 564 	  0  	  0  	0.939	0.021	0.027	0.013	
 565 	  0  	  0  	0.980	0.008	0.006	0.006	
 566 	  0  	  0  	0.968	0.013	0.012	0.007	
 567 	  0  	  0  	0.963	0.017	0.013	0.007	
 568 	  0  	  0  	0.980	0.007	0.005	0.008	
 569 	  0  	  0  	0.973	0.014	0.008	0.005	
 570 	  0  	  0  	0.967	0.013	0.013	0.008	
 571 	  0  	  0  	0.988	0.005	0.004	0.004	
 572 	  0  	  0  	0.974	0.005	0.009	0.012	
 573 	  0  	  0  	0.970	0.013	0.007	0.009	
 574 	  0  	  0  	0.962	0.011	0.018	0.009	
 575 	  0  	  0  	0.979	0.006	0.010	0.005	
 576 	  0  	  0  	0.974	0.006	0.011	0.009	
 577 	  0  	  0  	0.986	0.004	0.005	0.005	
 578 	  0  	  0  	0.921	0.062	0.008	0.009	
 579 	  0  	  0  	0.945	0.040	0.008	0.006	
 580 	  0  	  0  	0.987	0.004	0.003	0.006	
 581 	  0  	  0  	0.992	0.005	0.002	0.001	
 582 	  0  	  0  	0.988	0.008	0.003	0.001	
 583 	  0  	  0  	0.987	0.008	0.004	0.001	
 584 	  0  	  0  	0.963	0.009	0.016	0.013	
 585 	  0  	  0  	0.954	0.010	0.024	0.013	
 586 	  0  	  0  	0.965	0.010	0.014	0.011	
 587 	  0  	  0  	0.937	0.008	0.041	0.014	
 588 	  0  	  0  	0.977	0.010	0.007	0.006	
 589 	  0  	  0  	0.973	0.013	0.009	0.005	
 590 	  0  	  0  	0.977	0.010	0.008	0.005	
 591 	  0  	  0  	0.964	0.011	0.015	0.010	
 592 	  0  	  0  	0.979	0.012	0.004	0.005	
 593 	  0  	  0  	0.980	0.011	0.004	0.004	
 594 	  0  	  0  	0.979	0.012	0.004	0.004	
 595 	  0  	  0  	0.976	0.013	0.005	0.005	
 596 	  0  	  0  	0.978	0.012	0.006	0.004	
 597 	  0  	  0  	0.982	0.007	0.006	0.005	
 598 	  0  	  0  	0.979	0.012	0.004	0.004	
 599 	  0  	  0  	0.982	0.008	0.004	0.006	
 600 	  0  	  0  	0.980	0.014	0.002	0.004	
 601 	  0  	  0  	0.976	0.015	0.005	0.005	
 602 	  0  	  0  	0.982	0.005	0.007	0.006	
 603 	  0  	  0  	0.981	0.009	0.005	0.004	
 604 	  0  	  0  	0.647	0.022	0.210	0.121	
 605 	  0  	  0  	0.982	0.010	0.004	0.004	
 606 	  0  	  0  	0.880	0.015	0.093	0.011	
 607 	  2  	  0  	0.312	0.015	0.492	0.181	
 608 	  0  	  0  	0.980	0.013	0.004	0.004	
 609 	  0  	  0  	0.875	0.021	0.024	0.079	
 610 	  0  	  0  	0.962	0.010	0.012	0.016	
 611 	  0  	  0  	0.991	0.003	0.004	0.003	
 612 	  0  	  0  	0.974	0.011	0.009	0.006	
 613 	  0  	  0  	0.973	0.011	0.008	0.008	
 614 	  0  	  0  	0.970	0.010	0.010	0.010	
 615 	  0  	  0  	0.977	0.005	0.012	0.007	
 616 	  0  	  0  	0.975	0.005	0.014	0.006	
 617 	  0  	  0  	0.963	0.020	0.006	0.012	
 618 	  0  	  0  	0.984	0.006	0.004	0.006	
 619 	  0  	  0  	0.982	0.006	0.005	0.007	
 620 	  0  	  0  	0.973	0.011	0.010	0.006	
 621 	  0  	  0  	0.978	0.011	0.006	0.006	
 622 	  0  	  0  	0.980	0.007	0.007	0.006	
 623 	  0  	  0  	0.980	0.010	0.005	0.005	
 624 	  0  	  0  	0.970	0.008	0.014	0.008	
 625 	  0  	  0  	0.973	0.009	0.009	0.009	
 626 	  0  	  0  	0.972	0.006	0.014	0.007	
 627 	  0  	  0  	0.967	0.008	0.016	0.009	
 628 	  0  	  0  	0.962	0.008	0.021	0.009	
 629 	  0  	  0  	0.977	0.007	0.009	0.007	
 630 	  0  	  0  	0.969	0.018	0.006	0.007	
 631 	  0  	  0  	0.975	0.008	0.010	0.007	
 632 	  0  	  0  	0.972	0.007	0.013	0.008	
 633 	  0  	  0  	0.969	0.014	0.010	0.007	
 634 	  0  	  0  	0.970	0.010	0.011	0.008	
 635 	  0  	  0  	0.974	0.008	0.010	0.008	
 636 	  0  	  0  	0.977	0.008	0.008	0.008	
 637 	  0  	  0  	0.974	0.008	0.008	0.010	
 638 	  0  	  0  	0.974	0.007	0.008	0.011	
 639 	  0  	  0  	0.976	0.007	0.008	0.009	
 640 	  0  	  0  	0.967	0.009	0.013	0.012	
 641 	  0  	  0  	0.976	0.008	0.008	0.008	
 642 	  0  	  0  	0.971	0.008	0.010	0.011	
 643 	  0  	  0  	0.973	0.007	0.008	0.012	
 644 	  0  	  0  	0.976	0.011	0.008	0.005	
 645 	  0  	  0  	0.963	0.018	0.013	0.006	
 646 	  0  	  0  	0.974	0.014	0.005	0.008	
 647 	  0  	  0  	0.974	0.014	0.006	0.006	
 648 	  0  	  0  	0.962	0.018	0.013	0.007	
 649 	  0  	  0  	0.961	0.014	0.015	0.009	
 650 	  0  	  0  	0.968	0.015	0.010	0.007	
 651 	  0  	  0  	0.966	0.008	0.018	0.008	
 652 	  0  	  0  	0.975	0.010	0.009	0.006	
 653 	  0  	  0  	0.967	0.019	0.007	0.007	
 654 	  0  	  0  	0.965	0.015	0.011	0.008	
 655 	  0  	  0  	0.965	0.016	0.009	0.010	
 656 	  0  	  0  	0.981	0.007	0.008	0.004	
 657 	  0  	  0  	0.974	0.008	0.010	0.008	
 658 	  0  	  0  	0.967	0.010	0.009	0.013	
 659 	  0  	  0  	0.969	0.007	0.016	0.008	
 660 	  0  	  0  	0.970	0.008	0.014	0.008	
 661 	  0  	  0  	0.973	0.009	0.009	0.009	
 662 	  0  	  0  	0.972	0.006	0.014	0.007	
 663 	  0  	  0  	0.973	0.011	0.007	0.010	
 664 	  0  	  0  	0.973	0.011	0.004	0.012	
 665 	  0  	  0  	0.972	0.015	0.007	0.005	
 666 	  0  	  0  	0.974	0.012	0.007	0.007	
 667 	  0  	  0  	0.979	0.010	0.004	0.008	
 668 	  0  	  0  	0.971	0.015	0.010	0.005	
 669 	  0  	  0  	0.959	0.008	0.020	0.012	
 670 	  0  	  0  	0.973	0.011	0.007	0.009	
 671 	  0  	  0  	0.978	0.008	0.009	0.005	
 672 	  0  	  0  	0.967	0.008	0.016	0.009	
 673 	  0  	  0  	0.962	0.008	0.021	0.009	
 674 	  0  	  0  	0.977	0.007	0.009	0.007	
 675 	  0  	  0  	0.972	0.008	0.011	0.009	
 676 	  0  	  0  	0.965	0.011	0.016	0.008	
 677 	  0  	  0  	0.964	0.011	0.016	0.009	
 678 	  0  	  0  	0.969	0.010	0.015	0.005	
 679 	  0  	  0  	0.964	0.012	0.016	0.008	
 680 	  0  	  0  	0.966	0.010	0.014	0.010	
 681 	  0  	  0  	0.974	0.010	0.009	0.007	
 682 	  0  	  0  	0.967	0.014	0.006	0.013	
 683 	  0  	  0  	0.972	0.008	0.011	0.009	
 684 	  0  	  0  	0.971	0.012	0.006	0.011	
 685 	  0  	  0  	0.976	0.007	0.009	0.008	
 686 	  0  	  0  	0.973	0.012	0.009	0.006	
 687 	  0  	  0  	0.965	0.010	0.015	0.010	
 688 	  0  	  0  	0.980	0.009	0.006	0.005	
 689 	  0  	  0  	0.983	0.007	0.004	0.006	
 690 	  0  	  0  	0.974	0.010	0.009	0.007	
 691 	  0  	  0  	0.980	0.007	0.005	0.008	
 692 	  0  	  0  	0.969	0.013	0.012	0.006	
 693 	  0  	  0  	0.974	0.008	0.008	0.011	
 694 	  0  	  0  	0.973	0.013	0.009	0.005	
 695 	  0  	  0  	0.973	0.007	0.010	0.010	
 696 	  0  	  0  	0.974	0.007	0.009	0.011	
 697 	  0  	  0  	0.978	0.010	0.005	0.007	
 698 	  0  	  0  	0.957	0.016	0.013	0.013	
 699 	  0  	  0  	0.976	0.007	0.008	0.010	
 700 	  0  	  0  	0.968	0.012	0.007	0.013	
 701 	  0  	  0  	0.956	0.009	0.020	0.016	
 702 	  0  	  0  	0.975	0.009	0.005	0.011	
 703 	  0  	  0  	0.973	0.009	0.007	0.011	
 704 	  0  	  0  	0.962	0.010	0.016	0.012	
 705 	  0  	  0  	0.974	0.009	0.007	0.010	
 706 	  0  	  0  	0.974	0.014	0.005	0.007	
 707 	  0  	  0  	0.946	0.017	0.020	0.016	
 708 	  0  	  0  	0.975	0.009	0.005	0.011	
 709 	  0  	  0  	0.947	0.019	0.012	0.022	
 710 	  0  	  0  	0.980	0.007	0.005	0.008	
 711 	  0  	  0  	0.981	0.006	0.005	0.008	
 712 	  0  	  0  	0.966	0.015	0.006	0.014	
 713 	  0  	  0  	0.969	0.014	0.008	0.010	
 714 	  0  	  0  	0.965	0.009	0.014	0.012	
 715 	  0  	  0  	0.966	0.013	0.012	0.009	
 716 	  0  	  0  	0.963	0.011	0.009	0.018	
 717 	  0  	  0  	0.972	0.008	0.010	0.010	
 718 	  0  	  0  	0.963	0.010	0.015	0.012	
 719 	  0  	  0  	0.968	0.009	0.010	0.013	
 720 	  0  	  0  	0.973	0.015	0.006	0.007	
 721 	  0  	  0  	0.977	0.010	0.007	0.006	
 722 	  0  	  0  	0.973	0.011	0.010	0.006	
 723 	  0  	  0  	0.981	0.007	0.005	0.008	
 724 	  0  	  0  	0.973	0.015	0.006	0.007	
 725 	  0  	  0  	0.970	0.015	0.009	0.007	
 726 	  0  	  0  	0.982	0.006	0.006	0.007	
 727 	  0  	  0  	0.977	0.010	0.007	0.006	
 728 	  0  	  0  	0.969	0.015	0.012	0.004	
 729 	  0  	  0  	0.971	0.012	0.011	0.006	
 730 	  0  	  0  	0.967	0.015	0.012	0.006	
 731 	  0  	  0  	0.964	0.015	0.016	0.006	
 732 	  0  	  0  	0.973	0.007	0.010	0.010	
 733 	  0  	  0  	0.974	0.012	0.008	0.006	
 734 	  0  	  0  	0.961	0.019	0.009	0.011	
 735 	  0  	  0  	0.961	0.018	0.011	0.010	
 736 	  0  	  0  	0.971	0.010	0.009	0.009	
 737 	  0  	  0  	0.976	0.009	0.010	0.005	
 738 	  0  	  0  	0.974	0.008	0.009	0.008	
 739 	  0  	  0  	0.975	0.008	0.012	0.004	
 740 	  0  	  0  	0.970	0.014	0.009	0.007	
 741 	  0  	  0  	0.972	0.015	0.005	0.008	
 742 	  0  	  0  	0.961	0.019	0.009	0.011	
 743 	  0  	  0  	0.974	0.012	0.006	0.008	
 744 	  0  	  0  	0.961	0.018	0.011	0.010	
 745 	  0  	  0  	0.972	0.008	0.009	0.011	
 746 	  0  	  0  	0.971	0.009	0.009	0.010	
 747 	  0  	  0  	0.971	0.010	0.009	0.009	
 748 	  0  	  0  	0.976	0.009	0.010	0.005	
 749 	  0  	  0  	0.972	0.009	0.008	0.011	
 750 	  0  	  0  	0.974	0.008	0.009	0.008	
 751 	  0  	  0  	0.975	0.008	0.012	0.004	
 752 	  0  	  0  	0.973	0.005	0.014	0.009	
 753 	  0  	  0  	0.967	0.005	0.018	0.010	
 754 	  0  	  0  	0.963	0.015	0.015	0.007	
 755 	  0  	  0  	0.972	0.005	0.014	0.009	
 756 	  0  	  0  	0.972	0.006	0.015	0.007	
 757 	  0  	  0  	0.968	0.013	0.011	0.008	
 758 	  0  	  0  	0.975	0.008	0.007	0.010	
 759 	  0  	  0  	0.973	0.010	0.008	0.010	
 760 	  0  	  0  	0.971	0.009	0.013	0.007	
 761 	  0  	  0  	0.973	0.015	0.007	0.005	
 762 	  0  	  0  	0.963	0.024	0.007	0.006	
 763 	  0  	  0  	0.974	0.008	0.009	0.009	
 764 	  0  	  0  	0.975	0.010	0.006	0.009	
 765 	  0  	  0  	0.963	0.008	0.014	0.015	
 766 	  0  	  0  	0.975	0.013	0.007	0.005	
 767 	  0  	  0  	0.976	0.013	0.006	0.005	
 768 	  0  	  0  	0.975	0.009	0.010	0.006	
 769 	  0  	  0  	0.976	0.009	0.009	0.006	
 770 	  0  	  0  	0.960	0.017	0.008	0.015	
 771 	  0  	  0  	0.975	0.014	0.007	0.005	
 772 	  0  	  0  	0.959	0.017	0.009	0.015	
 773 	  0  	  0  	0.985	0.009	0.003	0.003	
 774 	  0  	  0  	0.969	0.013	0.011	0.008	
 775 	  0  	  0  	0.975	0.006	0.011	0.008	
 776 	  0  	  0  	0.972	0.010	0.006	0.012	
 777 	  0  	  0  	0.981	0.012	0.003	0.004	
 778 	  0  	  0  	0.873	0.096	0.020	0.011	
 779 	  0  	  0  	0.976	0.008	0.009	0.007	
 780 	  0  	  0  	0.969	0.014	0.008	0.009	
 781 	  0  	  0  	0.966	0.013	0.015	0.006	
 782 	  0  	  0  	0.968	0.016	0.008	0.008	
 783 	  0  	  0  	0.963	0.017	0.012	0.009	
 784 	  0  	  0  	0.968	0.013	0.011	0.008	
 785 	  0  	  0  	0.989	0.006	0.003	0.003	
 786 	  0  	  0  	0.970	0.019	0.004	0.008	
 787 	  0  	  0  	0.971	0.015	0.009	0.005	
 788 	  0  	  0  	0.973	0.009	0.009	0.008	
 789 	  0  	  0  	0.972	0.009	0.008	0.010	
 790 	  0  	  0  	0.522	0.444	0.011	0.023	
 791 	  0  	  0  	0.977	0.011	0.006	0.006	
 792 	  0  	  0  	0.963	0.017	0.014	0.007	
 793 	  0  	  0  	0.976	0.012	0.007	0.005	
 794 	  0  	  0  	0.965	0.015	0.012	0.007	
 795 	  0  	  0  	0.969	0.012	0.011	0.008	
 796 	  0  	  0  	0.974	0.009	0.010	0.006	
 797 	  0  	  0  	0.967	0.010	0.007	0.016	
 798 	  0  	  0  	0.981	0.011	0.003	0.005	
 799 	  0  	  0  	0.986	0.006	0.004	0.004	
 800 	  0  	  0  	0.962	0.017	0.007	0.014	
 801 	  0  	  0  	0.976	0.007	0.009	0.008	
 802 	  0  	  0  	0.967	0.012	0.009	0.011	
 803 	  0  	  0  	0.973	0.009	0.008	0.010	
 804 	  0  	  0  	0.965	0.018	0.008	0.010	
 805 	  0  	  0  	0.962	0.013	0.015	0.009	
 806 	  0  	  0  	0.952	0.006	0.029	0.012	
 807 	  0  	  0  	0.973	0.011	0.010	0.006	
 808 	  0  	  0  	0.968	0.007	0.016	0.009	
 809 	  0  	  0  	0.975	0.013	0.007	0.005	
 810 	  0  	  0  	0.983	0.009	0.004	0.004	
 811 	  0  	  0  	0.983	0.006	0.005	0.006	
 812 	  0  	  0  	0.982	0.010	0.004	0.005	
 813 	  0  	  0  	0.984	0.005	0.005	0.006	
