  no	pred	real	Good	Contact	Radius	Hole
  0  	  1  	  1  	0.013	0.922	0.028	0.037	
  1  	  1  	  1  	0.012	0.928	0.030	0.030	
  2  	  1  	  1  	0.013	0.912	0.029	0.046	
  3  	  1  	  1  	0.016	0.930	0.020	0.034	
  4  	  1  	  1  	0.013	0.922	0.028	0.037	
  5  	  1  	  1  	0.012	0.928	0.030	0.030	
  6  	  1  	  1  	0.026	0.852	0.085	0.037	
  7  	  1  	  1  	0.028	0.862	0.035	0.076	
  8  	  1  	  1  	0.017	0.930	0.031	0.022	
  9  	  1  	  1  	0.020	0.834	0.102	0.043	
 10  	  1  	  1  	0.016	0.893	0.061	0.030	
 11  	  1  	  1  	0.016	0.903	0.048	0.033	
 12  	  1  	  1  	0.022	0.884	0.060	0.035	
 13  	  1  	  1  	0.040	0.784	0.034	0.142	
 14  	  1  	  1  	0.012	0.928	0.032	0.027	
 15  	  1  	  1  	0.021	0.943	0.013	0.024	
 16  	  1  	  1  	0.014	0.936	0.023	0.027	
 17  	  1  	  1  	0.020	0.898	0.033	0.049	
 18  	  1  	  1  	0.018	0.896	0.018	0.068	
 19  	  1  	  1  	0.018	0.891	0.022	0.069	
 20  	  1  	  1  	0.018	0.921	0.017	0.044	
 21  	  1  	  1  	0.016	0.930	0.017	0.037	
 22  	  1  	  1  	0.073	0.776	0.030	0.121	
 23  	  1  	  1  	0.020	0.869	0.035	0.076	
 24  	  1  	  1  	0.009	0.895	0.048	0.048	
 25  	  1  	  1  	0.011	0.926	0.030	0.032	
 26  	  1  	  1  	0.012	0.940	0.022	0.026	
 27  	  1  	  1  	0.008	0.951	0.018	0.023	
 28  	  1  	  1  	0.008	0.938	0.018	0.036	
 29  	  1  	  1  	0.010	0.930	0.025	0.035	
 30  	  1  	  1  	0.016	0.941	0.016	0.027	
 31  	  1  	  1  	0.007	0.932	0.020	0.040	
 32  	  1  	  1  	0.012	0.932	0.024	0.033	
 33  	  1  	  1  	0.011	0.945	0.011	0.033	
 34  	  1  	  1  	0.009	0.943	0.015	0.033	
 35  	  1  	  1  	0.009	0.944	0.018	0.028	
 36  	  1  	  1  	0.008	0.939	0.021	0.032	
 37  	  1  	  1  	0.016	0.931	0.017	0.036	
 38  	  1  	  1  	0.010	0.914	0.040	0.036	
 39  	  1  	  1  	0.016	0.919	0.029	0.036	
 40  	  1  	  1  	0.023	0.875	0.037	0.065	
 41  	  1  	  1  	0.014	0.939	0.024	0.022	
 42  	  1  	  1  	0.016	0.931	0.017	0.036	
 43  	  1  	  1  	0.016	0.919	0.029	0.036	
 44  	  1  	  1  	0.023	0.874	0.037	0.065	
 45  	  1  	  1  	0.014	0.939	0.024	0.022	
 46  	  1  	  1  	0.017	0.926	0.014	0.043	
 47  	  1  	  1  	0.014	0.919	0.030	0.037	
 48  	  1  	  1  	0.019	0.911	0.030	0.040	
 49  	  1  	  1  	0.011	0.945	0.021	0.022	
 50  	  1  	  1  	0.019	0.933	0.019	0.029	
 51  	  1  	  1  	0.012	0.913	0.038	0.038	
 52  	  1  	  1  	0.015	0.936	0.027	0.022	
 53  	  1  	  1  	0.007	0.952	0.024	0.017	
 54  	  1  	  1  	0.012	0.913	0.038	0.038	
 55  	  1  	  1  	0.015	0.936	0.027	0.022	
 56  	  1  	  1  	0.007	0.952	0.024	0.017	
 57  	  1  	  1  	0.019	0.924	0.017	0.040	
 58  	  1  	  1  	0.017	0.915	0.029	0.039	
 59  	  1  	  1  	0.021	0.918	0.028	0.033	
 60  	  1  	  1  	0.010	0.958	0.011	0.020	
 61  	  1  	  1  	0.014	0.918	0.017	0.051	
 62  	  1  	  1  	0.022	0.935	0.010	0.032	
 63  	  1  	  1  	0.017	0.914	0.025	0.043	
 64  	  1  	  1  	0.014	0.918	0.017	0.051	
 65  	  1  	  1  	0.030	0.902	0.025	0.042	
 66  	  1  	  1  	0.014	0.899	0.022	0.066	
 67  	  1  	  1  	0.010	0.919	0.036	0.035	
 68  	  1  	  1  	0.013	0.923	0.019	0.045	
 69  	  1  	  1  	0.012	0.892	0.060	0.036	
 70  	  1  	  1  	0.012	0.931	0.022	0.036	
 71  	  1  	  1  	0.010	0.943	0.026	0.021	
 72  	  1  	  1  	0.058	0.851	0.026	0.065	
 73  	  1  	  1  	0.010	0.921	0.040	0.029	
 74  	  1  	  1  	0.035	0.887	0.022	0.056	
 75  	  1  	  1  	0.012	0.888	0.024	0.076	
 76  	  1  	  1  	0.084	0.837	0.023	0.056	
 77  	  1  	  1  	0.035	0.881	0.022	0.062	
 78  	  1  	  1  	0.016	0.886	0.036	0.061	
 79  	  1  	  1  	0.014	0.879	0.033	0.074	
 80  	  1  	  1  	0.024	0.843	0.045	0.088	
 81  	  1  	  1  	0.023	0.880	0.037	0.060	
 82  	  1  	  1  	0.011	0.919	0.050	0.020	
 83  	  1  	  1  	0.016	0.936	0.027	0.021	
 84  	  1  	  1  	0.013	0.906	0.034	0.046	
 85  	  1  	  1  	0.007	0.952	0.020	0.021	
 86  	  1  	  1  	0.011	0.923	0.042	0.024	
 87  	  1  	  1  	0.017	0.922	0.038	0.023	
 88  	  1  	  1  	0.009	0.942	0.016	0.033	
 89  	  1  	  1  	0.004	0.957	0.024	0.015	
 90  	  1  	  1  	0.017	0.921	0.021	0.041	
 91  	  1  	  1  	0.011	0.914	0.028	0.047	
 92  	  1  	  1  	0.012	0.917	0.032	0.039	
 93  	  1  	  1  	0.023	0.881	0.042	0.054	
 94  	  1  	  1  	0.012	0.936	0.030	0.023	
 95  	  1  	  1  	0.015	0.901	0.049	0.036	
 96  	  1  	  1  	0.013	0.933	0.030	0.024	
 97  	  1  	  1  	0.007	0.953	0.019	0.021	
 98  	  1  	  1  	0.024	0.918	0.019	0.038	
 99  	  1  	  1  	0.013	0.904	0.044	0.039	
 100 	  1  	  1  	0.019	0.905	0.035	0.041	
 101 	  1  	  1  	0.056	0.737	0.036	0.171	
 102 	  1  	  1  	0.032	0.855	0.036	0.077	
 103 	  1  	  1  	0.038	0.878	0.026	0.058	
 104 	  1  	  1  	0.013	0.910	0.037	0.040	
 105 	  1  	  1  	0.013	0.926	0.017	0.045	
 106 	  1  	  1  	0.014	0.913	0.031	0.042	
 107 	  1  	  1  	0.015	0.923	0.021	0.041	
 108 	  1  	  1  	0.017	0.921	0.023	0.039	
 109 	  1  	  1  	0.016	0.932	0.016	0.035	
 110 	  1  	  1  	0.014	0.926	0.017	0.043	
 111 	  1  	  1  	0.012	0.935	0.024	0.029	
 112 	  1  	  1  	0.015	0.943	0.024	0.017	
 113 	  1  	  1  	0.012	0.917	0.031	0.041	
 114 	  1  	  1  	0.007	0.931	0.035	0.027	
 115 	  1  	  1  	0.009	0.912	0.024	0.055	
 116 	  1  	  1  	0.012	0.873	0.030	0.086	
 117 	  1  	  1  	0.023	0.852	0.033	0.093	
 118 	  1  	  1  	0.018	0.898	0.050	0.034	
 119 	  1  	  1  	0.011	0.905	0.041	0.043	
 120 	  1  	  1  	0.019	0.908	0.031	0.042	
 121 	  1  	  1  	0.021	0.931	0.024	0.024	
 122 	  1  	  1  	0.012	0.925	0.025	0.037	
 123 	  1  	  1  	0.015	0.919	0.028	0.038	
 124 	  1  	  1  	0.021	0.891	0.038	0.050	
 125 	  1  	  1  	0.017	0.937	0.024	0.022	
 126 	  1  	  1  	0.015	0.906	0.043	0.036	
 127 	  1  	  1  	0.014	0.936	0.022	0.028	
 128 	  1  	  1  	0.018	0.893	0.038	0.051	
 129 	  1  	  1  	0.010	0.951	0.015	0.024	
 130 	  1  	  1  	0.013	0.896	0.046	0.044	
 131 	  1  	  1  	0.025	0.920	0.026	0.029	
 132 	  1  	  1  	0.013	0.921	0.018	0.048	
 133 	  1  	  1  	0.014	0.922	0.026	0.038	
 134 	  1  	  1  	0.015	0.910	0.045	0.029	
 135 	  1  	  1  	0.013	0.931	0.037	0.020	
 136 	  1  	  1  	0.009	0.933	0.041	0.017	
 137 	  1  	  1  	0.022	0.884	0.026	0.068	
 138 	  1  	  1  	0.010	0.945	0.014	0.031	
 139 	  1  	  1  	0.007	0.927	0.036	0.029	
 140 	  1  	  1  	0.035	0.791	0.045	0.130	
 141 	  1  	  1  	0.011	0.837	0.022	0.130	
 142 	  1  	  1  	0.081	0.775	0.103	0.041	
 143 	  3  	  1  	0.355	0.096	0.017	0.532	
 144 	  0  	  1  	0.536	0.282	0.050	0.133	
 145 	  1  	  1  	0.059	0.836	0.059	0.045	
 146 	  2  	  2  	0.025	0.030	0.907	0.038	
 147 	  2  	  2  	0.023	0.026	0.919	0.032	
 148 	  2  	  2  	0.012	0.044	0.891	0.053	
 149 	  2  	  2  	0.016	0.094	0.844	0.046	
 150 	  2  	  2  	0.019	0.039	0.887	0.055	
 151 	  2  	  2  	0.022	0.046	0.889	0.042	
 152 	  2  	  2  	0.023	0.031	0.874	0.072	
 153 	  2  	  2  	0.018	0.044	0.909	0.029	
 154 	  2  	  2  	0.017	0.048	0.886	0.049	
 155 	  2  	  2  	0.022	0.069	0.856	0.053	
 156 	  2  	  2  	0.020	0.039	0.886	0.055	
 157 	  2  	  2  	0.019	0.033	0.912	0.036	
 158 	  2  	  2  	0.021	0.026	0.898	0.055	
 159 	  2  	  2  	0.018	0.039	0.893	0.050	
 160 	  2  	  2  	0.026	0.094	0.840	0.040	
 161 	  2  	  2  	0.016	0.029	0.913	0.042	
 162 	  2  	  2  	0.018	0.029	0.911	0.043	
 163 	  2  	  2  	0.021	0.029	0.926	0.023	
 164 	  2  	  2  	0.024	0.030	0.914	0.032	
 165 	  2  	  2  	0.011	0.024	0.935	0.029	
 166 	  2  	  2  	0.021	0.027	0.913	0.038	
 167 	  2  	  2  	0.021	0.038	0.919	0.022	
 168 	  2  	  2  	0.023	0.021	0.915	0.040	
 169 	  2  	  2  	0.019	0.026	0.916	0.038	
 170 	  2  	  2  	0.021	0.018	0.900	0.061	
 171 	  2  	  2  	0.018	0.046	0.895	0.041	
 172 	  2  	  2  	0.023	0.019	0.914	0.044	
 173 	  2  	  2  	0.019	0.039	0.894	0.049	
 174 	  2  	  2  	0.016	0.031	0.907	0.047	
 175 	  2  	  2  	0.023	0.030	0.910	0.037	
 176 	  2  	  2  	0.017	0.035	0.905	0.043	
 177 	  2  	  2  	0.018	0.027	0.921	0.034	
 178 	  2  	  2  	0.017	0.038	0.882	0.062	
 179 	  2  	  2  	0.016	0.034	0.903	0.047	
 180 	  2  	  2  	0.014	0.045	0.906	0.034	
 181 	  2  	  2  	0.017	0.035	0.905	0.043	
 182 	  2  	  2  	0.015	0.040	0.914	0.031	
 183 	  2  	  2  	0.021	0.038	0.872	0.069	
 184 	  2  	  2  	0.014	0.038	0.902	0.047	
 185 	  2  	  2  	0.020	0.036	0.907	0.038	
 186 	  2  	  2  	0.021	0.052	0.893	0.034	
 187 	  2  	  2  	0.022	0.032	0.914	0.032	
 188 	  2  	  2  	0.015	0.043	0.914	0.027	
 189 	  2  	  2  	0.021	0.033	0.924	0.022	
 190 	  2  	  2  	0.028	0.039	0.914	0.018	
 191 	  2  	  2  	0.020	0.031	0.926	0.023	
 192 	  2  	  2  	0.024	0.035	0.918	0.023	
 193 	  2  	  2  	0.021	0.032	0.895	0.053	
 194 	  2  	  2  	0.018	0.034	0.930	0.018	
 195 	  2  	  2  	0.015	0.105	0.827	0.054	
 196 	  2  	  2  	0.025	0.028	0.908	0.039	
 197 	  2  	  2  	0.016	0.048	0.910	0.027	
 198 	  2  	  2  	0.015	0.045	0.909	0.031	
 199 	  2  	  2  	0.013	0.068	0.856	0.064	
 200 	  2  	  2  	0.023	0.036	0.904	0.037	
 201 	  2  	  2  	0.021	0.041	0.913	0.025	
 202 	  2  	  2  	0.026	0.049	0.889	0.036	
 203 	  2  	  2  	0.023	0.036	0.904	0.037	
 204 	  2  	  2  	0.023	0.032	0.913	0.032	
 205 	  2  	  2  	0.016	0.041	0.905	0.037	
 206 	  2  	  2  	0.022	0.032	0.899	0.047	
 207 	  2  	  2  	0.020	0.040	0.905	0.035	
 208 	  2  	  2  	0.016	0.029	0.917	0.037	
 209 	  2  	  2  	0.016	0.027	0.916	0.042	
 210 	  2  	  2  	0.015	0.071	0.863	0.051	
 211 	  2  	  2  	0.021	0.035	0.914	0.030	
 212 	  2  	  2  	0.019	0.045	0.891	0.044	
 213 	  2  	  2  	0.021	0.034	0.894	0.051	
 214 	  2  	  2  	0.019	0.043	0.893	0.044	
 215 	  2  	  2  	0.018	0.023	0.913	0.046	
 216 	  2  	  2  	0.016	0.036	0.902	0.047	
 217 	  2  	  2  	0.018	0.023	0.913	0.046	
 218 	  2  	  2  	0.016	0.036	0.902	0.047	
 219 	  2  	  2  	0.023	0.024	0.870	0.082	
 220 	  2  	  2  	0.025	0.051	0.874	0.050	
 221 	  2  	  2  	0.012	0.050	0.902	0.036	
 222 	  2  	  2  	0.021	0.019	0.906	0.053	
 223 	  2  	  2  	0.013	0.055	0.884	0.048	
 224 	  2  	  2  	0.025	0.050	0.874	0.051	
 225 	  2  	  2  	0.021	0.019	0.906	0.053	
 226 	  2  	  2  	0.019	0.065	0.797	0.119	
 227 	  2  	  2  	0.013	0.024	0.925	0.038	
 228 	  2  	  2  	0.018	0.028	0.916	0.038	
 229 	  2  	  2  	0.012	0.025	0.928	0.035	
 230 	  2  	  2  	0.016	0.024	0.926	0.034	
 231 	  2  	  2  	0.016	0.024	0.926	0.034	
 232 	  2  	  2  	0.018	0.028	0.916	0.038	
 233 	  2  	  2  	0.009	0.037	0.925	0.029	
 234 	  2  	  2  	0.028	0.038	0.901	0.033	
 235 	  2  	  2  	0.010	0.046	0.906	0.038	
 236 	  2  	  2  	0.020	0.032	0.913	0.035	
 237 	  2  	  2  	0.019	0.047	0.903	0.031	
 238 	  2  	  2  	0.013	0.046	0.901	0.040	
 239 	  2  	  2  	0.014	0.096	0.819	0.071	
 240 	  2  	  2  	0.020	0.053	0.882	0.045	
 241 	  2  	  2  	0.022	0.031	0.906	0.040	
 242 	  2  	  2  	0.014	0.040	0.880	0.065	
 243 	  2  	  2  	0.021	0.028	0.912	0.039	
 244 	  2  	  2  	0.025	0.050	0.852	0.073	
 245 	  2  	  2  	0.032	0.025	0.907	0.036	
 246 	  2  	  2  	0.019	0.036	0.908	0.037	
 247 	  2  	  2  	0.018	0.055	0.867	0.060	
 248 	  2  	  2  	0.018	0.094	0.832	0.056	
 249 	  2  	  2  	0.021	0.031	0.918	0.031	
 250 	  2  	  2  	0.016	0.045	0.898	0.041	
 251 	  2  	  2  	0.024	0.024	0.917	0.035	
 252 	  2  	  2  	0.028	0.027	0.911	0.034	
 253 	  2  	  2  	0.014	0.053	0.905	0.028	
 254 	  2  	  2  	0.023	0.027	0.782	0.168	
 255 	  2  	  2  	0.023	0.064	0.858	0.056	
 256 	  2  	  2  	0.021	0.031	0.914	0.035	
 257 	  2  	  2  	0.018	0.052	0.902	0.028	
 258 	  2  	  2  	0.021	0.022	0.892	0.065	
 259 	  2  	  2  	0.023	0.040	0.907	0.030	
 260 	  2  	  2  	0.020	0.026	0.932	0.021	
 261 	  3  	  3  	0.023	0.028	0.023	0.926	
 262 	  3  	  3  	0.022	0.080	0.025	0.872	
 263 	  3  	  3  	0.016	0.018	0.016	0.950	
 264 	  3  	  3  	0.012	0.025	0.018	0.945	
 265 	  3  	  3  	0.009	0.034	0.022	0.935	
 266 	  3  	  3  	0.016	0.019	0.026	0.940	
 267 	  3  	  3  	0.007	0.034	0.017	0.941	
 268 	  3  	  3  	0.023	0.029	0.031	0.917	
 269 	  3  	  3  	0.014	0.026	0.016	0.944	
 270 	  3  	  3  	0.008	0.025	0.021	0.946	
 271 	  3  	  3  	0.013	0.026	0.021	0.940	
 272 	  3  	  3  	0.015	0.025	0.020	0.941	
 273 	  3  	  3  	0.015	0.024	0.025	0.935	
 274 	  3  	  3  	0.011	0.039	0.022	0.928	
 275 	  3  	  3  	0.013	0.017	0.016	0.955	
 276 	  3  	  3  	0.008	0.021	0.027	0.945	
 277 	  3  	  3  	0.014	0.021	0.014	0.951	
 278 	  3  	  3  	0.014	0.016	0.016	0.953	
 279 	  3  	  3  	0.008	0.024	0.019	0.949	
 280 	  3  	  3  	0.018	0.013	0.022	0.947	
 281 	  3  	  3  	0.019	0.028	0.019	0.935	
 282 	  3  	  3  	0.014	0.016	0.030	0.940	
 283 	  3  	  3  	0.010	0.024	0.021	0.945	
 284 	  3  	  3  	0.013	0.022	0.021	0.945	
 285 	  3  	  3  	0.012	0.037	0.030	0.920	
 286 	  3  	  3  	0.009	0.021	0.024	0.946	
 287 	  3  	  3  	0.057	0.065	0.017	0.861	
 288 	  3  	  3  	0.017	0.017	0.020	0.946	
 289 	  3  	  3  	0.018	0.037	0.021	0.924	
 290 	  3  	  3  	0.015	0.021	0.020	0.944	
 291 	  3  	  3  	0.020	0.017	0.050	0.913	
 292 	  3  	  3  	0.015	0.027	0.044	0.914	
 293 	  3  	  3  	0.023	0.022	0.021	0.933	
 294 	  3  	  3  	0.018	0.028	0.030	0.924	
 295 	  3  	  3  	0.017	0.049	0.023	0.911	
 296 	  3  	  3  	0.018	0.013	0.018	0.951	
 297 	  3  	  3  	0.015	0.026	0.020	0.939	
 298 	  3  	  3  	0.015	0.031	0.024	0.929	
 299 	  3  	  3  	0.014	0.045	0.028	0.914	
 300 	  3  	  3  	0.032	0.024	0.036	0.908	
 301 	  3  	  3  	0.005	0.100	0.022	0.873	
 302 	  3  	  3  	0.025	0.022	0.024	0.929	
 303 	  3  	  3  	0.013	0.043	0.023	0.922	
 304 	  3  	  3  	0.018	0.015	0.021	0.946	
 305 	  3  	  3  	0.015	0.026	0.025	0.934	
 306 	  3  	  3  	0.015	0.029	0.027	0.928	
 307 	  3  	  3  	0.015	0.031	0.024	0.930	
 308 	  3  	  3  	0.012	0.012	0.016	0.961	
 309 	  3  	  3  	0.012	0.022	0.021	0.944	
 310 	  3  	  3  	0.015	0.052	0.020	0.913	
 311 	  3  	  3  	0.024	0.037	0.056	0.883	
 312 	  3  	  3  	0.012	0.023	0.049	0.916	
 313 	  3  	  3  	0.013	0.013	0.035	0.938	
 314 	  3  	  3  	0.011	0.020	0.041	0.929	
 315 	  3  	  3  	0.017	0.032	0.055	0.896	
 316 	  3  	  3  	0.013	0.036	0.030	0.921	
 317 	  3  	  3  	0.023	0.021	0.045	0.912	
 318 	  3  	  3  	0.019	0.028	0.048	0.905	
 319 	  3  	  3  	0.009	0.086	0.025	0.880	
 320 	  3  	  3  	0.016	0.030	0.022	0.933	
 321 	  3  	  3  	0.011	0.050	0.036	0.902	
 322 	  3  	  3  	0.014	0.031	0.023	0.932	
 323 	  3  	  3  	0.009	0.038	0.020	0.933	
 324 	  3  	  3  	0.011	0.030	0.025	0.934	
 325 	  3  	  3  	0.011	0.036	0.028	0.925	
 326 	  3  	  3  	0.011	0.024	0.025	0.939	
 327 	  3  	  3  	0.015	0.044	0.026	0.915	
 328 	  3  	  3  	0.007	0.026	0.018	0.949	
 329 	  3  	  3  	0.010	0.044	0.033	0.914	
 330 	  3  	  3  	0.016	0.040	0.023	0.920	
 331 	  3  	  3  	0.016	0.054	0.035	0.896	
 332 	  3  	  3  	0.014	0.024	0.035	0.927	
 333 	  3  	  3  	0.015	0.044	0.040	0.901	
 334 	  3  	  3  	0.011	0.019	0.031	0.938	
 335 	  3  	  3  	0.013	0.058	0.029	0.899	
 336 	  3  	  3  	0.010	0.031	0.024	0.936	
 337 	  3  	  3  	0.013	0.020	0.021	0.946	
 338 	  3  	  3  	0.015	0.027	0.055	0.903	
 339 	  3  	  3  	0.008	0.024	0.051	0.917	
 340 	  3  	  3  	0.011	0.028	0.027	0.934	
 341 	  3  	  3  	0.023	0.022	0.019	0.937	
 342 	  3  	  3  	0.010	0.047	0.014	0.929	
 343 	  3  	  3  	0.007	0.081	0.030	0.882	
 344 	  3  	  3  	0.012	0.019	0.026	0.943	
 345 	  3  	  3  	0.012	0.025	0.017	0.946	
 346 	  3  	  3  	0.019	0.015	0.021	0.945	
 347 	  3  	  3  	0.016	0.020	0.025	0.940	
 348 	  3  	  3  	0.019	0.026	0.021	0.934	
 349 	  3  	  3  	0.019	0.063	0.021	0.896	
 350 	  3  	  3  	0.011	0.016	0.048	0.925	
 351 	  3  	  3  	0.009	0.020	0.041	0.930	
 352 	  3  	  3  	0.012	0.023	0.021	0.944	
 353 	  3  	  3  	0.009	0.019	0.023	0.948	
 354 	  3  	  3  	0.009	0.031	0.031	0.929	
 355 	  3  	  3  	0.017	0.024	0.022	0.938	
 356 	  3  	  3  	0.016	0.016	0.019	0.949	
 357 	  3  	  3  	0.008	0.032	0.032	0.929	
 358 	  3  	  3  	0.011	0.039	0.034	0.916	
 359 	  3  	  3  	0.011	0.036	0.040	0.914	
 360 	  3  	  3  	0.020	0.020	0.015	0.945	
 361 	  3  	  3  	0.011	0.022	0.020	0.946	
 362 	  3  	  3  	0.015	0.015	0.028	0.942	
 363 	  3  	  3  	0.022	0.018	0.020	0.940	
 364 	  3  	  3  	0.010	0.029	0.023	0.938	
 365 	  3  	  3  	0.018	0.017	0.022	0.943	
 366 	  3  	  3  	0.008	0.029	0.028	0.935	
 367 	  3  	  3  	0.007	0.035	0.022	0.936	
 368 	  3  	  3  	0.016	0.013	0.019	0.952	
 369 	  3  	  3  	0.010	0.034	0.030	0.926	
 370 	  3  	  3  	0.018	0.017	0.022	0.943	
 371 	  3  	  3  	0.008	0.029	0.028	0.935	
 372 	  3  	  3  	0.015	0.015	0.028	0.942	
 373 	  3  	  3  	0.022	0.018	0.020	0.940	
 374 	  3  	  3  	0.010	0.029	0.023	0.938	
 375 	  3  	  3  	0.009	0.022	0.034	0.934	
 376 	  3  	  3  	0.012	0.014	0.022	0.951	
 377 	  3  	  3  	0.012	0.035	0.030	0.922	
 378 	  3  	  3  	0.011	0.026	0.017	0.947	
 379 	  3  	  3  	0.012	0.016	0.019	0.953	
 380 	  3  	  3  	0.011	0.025	0.023	0.942	
 381 	  3  	  3  	0.016	0.033	0.019	0.932	
 382 	  3  	  3  	0.013	0.025	0.016	0.946	
 383 	  3  	  3  	0.011	0.021	0.018	0.950	
 384 	  3  	  3  	0.013	0.036	0.027	0.924	
 385 	  3  	  3  	0.012	0.023	0.021	0.944	
 386 	  3  	  3  	0.009	0.019	0.023	0.948	
 387 	  3  	  3  	0.009	0.031	0.031	0.929	
 388 	  3  	  3  	0.021	0.020	0.017	0.942	
 389 	  3  	  3  	0.010	0.018	0.012	0.959	
 390 	  3  	  3  	0.009	0.033	0.027	0.931	
 391 	  3  	  3  	0.014	0.026	0.015	0.945	
 392 	  3  	  3  	0.007	0.024	0.021	0.948	
 393 	  3  	  3  	0.006	0.029	0.031	0.933	
 394 	  3  	  3  	0.022	0.019	0.016	0.944	
 395 	  3  	  3  	0.010	0.019	0.014	0.957	
 396 	  3  	  3  	0.010	0.067	0.021	0.902	
 397 	  3  	  3  	0.016	0.027	0.017	0.940	
 398 	  3  	  3  	0.008	0.014	0.019	0.959	
 399 	  3  	  3  	0.009	0.057	0.025	0.909	
 400 	  3  	  3  	0.013	0.023	0.016	0.948	
 401 	  3  	  3  	0.010	0.021	0.018	0.951	
 402 	  3  	  3  	0.019	0.044	0.033	0.904	
 403 	  3  	  3  	0.017	0.024	0.022	0.938	
 404 	  3  	  3  	0.016	0.016	0.019	0.949	
 405 	  3  	  3  	0.008	0.032	0.032	0.929	
 406 	  3  	  3  	0.005	0.022	0.015	0.958	
 407 	  3  	  3  	0.005	0.021	0.014	0.960	
 408 	  3  	  3  	0.005	0.022	0.015	0.958	
 409 	  3  	  3  	0.012	0.037	0.019	0.931	
 410 	  3  	  3  	0.005	0.021	0.014	0.960	
 411 	  3  	  3  	0.014	0.018	0.018	0.951	
 412 	  3  	  3  	0.010	0.030	0.014	0.946	
 413 	  3  	  3  	0.010	0.029	0.027	0.935	
 414 	  3  	  3  	0.015	0.017	0.020	0.948	
 415 	  3  	  3  	0.015	0.021	0.017	0.946	
 416 	  3  	  3  	0.011	0.033	0.047	0.909	
 417 	  3  	  3  	0.017	0.016	0.016	0.951	
 418 	  3  	  3  	0.019	0.034	0.020	0.928	
 419 	  3  	  3  	0.011	0.035	0.037	0.918	
 420 	  3  	  3  	0.014	0.017	0.018	0.951	
 421 	  3  	  3  	0.021	0.016	0.023	0.940	
 422 	  3  	  3  	0.014	0.033	0.046	0.908	
 423 	  3  	  3  	0.012	0.019	0.020	0.949	
 424 	  3  	  3  	0.009	0.035	0.023	0.933	
 425 	  3  	  3  	0.012	0.023	0.020	0.944	
 426 	  3  	  3  	0.014	0.019	0.019	0.948	
 427 	  3  	  3  	0.009	0.031	0.020	0.941	
 428 	  3  	  3  	0.023	0.020	0.022	0.936	
 429 	  3  	  3  	0.016	0.017	0.015	0.952	
 430 	  3  	  3  	0.008	0.032	0.030	0.929	
 431 	  3  	  3  	0.002	0.025	0.007	0.967	
 432 	  3  	  3  	0.003	0.055	0.010	0.931	
 433 	  3  	  3  	0.011	0.033	0.019	0.937	
 434 	  3  	  3  	0.015	0.039	0.022	0.924	
 435 	  3  	  3  	0.011	0.033	0.019	0.937	
 436 	  3  	  3  	0.015	0.039	0.022	0.924	
 437 	  3  	  3  	0.062	0.043	0.021	0.873	
 438 	  3  	  3  	0.064	0.043	0.022	0.871	
 439 	  3  	  3  	0.012	0.018	0.023	0.947	
 440 	  3  	  3  	0.012	0.050	0.026	0.913	
 441 	  3  	  3  	0.018	0.023	0.019	0.940	
 442 	  3  	  3  	0.009	0.019	0.025	0.948	
 443 	  3  	  3  	0.010	0.037	0.041	0.911	
 444 	  3  	  3  	0.014	0.017	0.019	0.949	
 445 	  3  	  3  	0.013	0.042	0.021	0.925	
 446 	  3  	  3  	0.010	0.051	0.024	0.914	
 447 	  3  	  3  	0.013	0.018	0.019	0.950	
 448 	  3  	  3  	0.016	0.024	0.036	0.924	
 449 	  3  	  3  	0.009	0.074	0.018	0.900	
 450 	  3  	  3  	0.013	0.018	0.019	0.950	
 451 	  3  	  3  	0.016	0.024	0.036	0.924	
 452 	  3  	  3  	0.009	0.074	0.018	0.900	
 453 	  3  	  3  	0.014	0.017	0.019	0.949	
 454 	  3  	  3  	0.013	0.042	0.021	0.925	
 455 	  3  	  3  	0.010	0.051	0.024	0.914	
 456 	  3  	  3  	0.015	0.115	0.022	0.848	
 457 	  3  	  3  	0.018	0.050	0.023	0.909	
 458 	  3  	  3  	0.004	0.021	0.027	0.949	
 459 	  3  	  3  	0.014	0.019	0.014	0.954	
 460 	  3  	  3  	0.009	0.030	0.015	0.946	
 461 	  3  	  3  	0.011	0.018	0.025	0.946	
 462 	  3  	  3  	0.053	0.025	0.023	0.900	
 463 	  3  	  3  	0.025	0.013	0.017	0.945	
 464 	  3  	  3  	0.007	0.036	0.012	0.945	
 465 	  3  	  3  	0.008	0.017	0.023	0.952	
 466 	  3  	  3  	0.010	0.028	0.043	0.918	
 467 	  3  	  3  	0.015	0.023	0.069	0.894	
 468 	  3  	  3  	0.013	0.022	0.022	0.943	
 469 	  3  	  3  	0.015	0.012	0.017	0.956	
 470 	  3  	  3  	0.018	0.056	0.036	0.890	
 471 	  3  	  3  	0.010	0.022	0.024	0.944	
 472 	  3  	  3  	0.020	0.011	0.016	0.953	
 473 	  3  	  3  	0.017	0.032	0.025	0.926	
 474 	  3  	  3  	0.015	0.022	0.024	0.940	
 475 	  3  	  3  	0.010	0.017	0.026	0.947	
 476 	  3  	  3  	0.011	0.043	0.024	0.923	
 477 	  3  	  3  	0.011	0.034	0.029	0.926	
 478 	  3  	  3  	0.014	0.023	0.029	0.934	
 479 	  3  	  3  	0.008	0.038	0.021	0.933	
 480 	  3  	  3  	0.020	0.025	0.025	0.930	
 481 	  3  	  3  	0.010	0.031	0.014	0.945	
 482 	  3  	  3  	0.020	0.039	0.013	0.928	
 483 	  3  	  3  	0.014	0.016	0.021	0.949	
 484 	  3  	  3  	0.016	0.017	0.025	0.942	
 485 	  3  	  3  	0.011	0.016	0.015	0.958	
 486 	  3  	  3  	0.010	0.020	0.026	0.943	
 487 	  3  	  3  	0.011	0.019	0.026	0.945	
 488 	  3  	  3  	0.010	0.026	0.017	0.948	
 489 	  3  	  3  	0.022	0.022	0.030	0.926	
 490 	  3  	  3  	0.012	0.044	0.025	0.919	
 491 	  3  	  3  	0.014	0.068	0.028	0.889	
 492 	  3  	  3  	0.019	0.031	0.024	0.925	
 493 	  3  	  3  	0.124	0.028	0.046	0.802	
 494 	  3  	  3  	0.014	0.041	0.020	0.925	
 495 	  3  	  3  	0.023	0.033	0.033	0.911	
 496 	  3  	  3  	0.010	0.030	0.015	0.945	
 497 	  3  	  3  	0.069	0.032	0.033	0.866	
 498 	  3  	  3  	0.015	0.033	0.025	0.927	
 499 	  3  	  3  	0.014	0.017	0.025	0.945	
 500 	  3  	  3  	0.012	0.032	0.032	0.924	
 501 	  3  	  3  	0.012	0.017	0.027	0.944	
 502 	  3  	  3  	0.022	0.020	0.026	0.932	
 503 	  3  	  3  	0.014	0.027	0.028	0.932	
 504 	  3  	  3  	0.014	0.018	0.012	0.956	
 505 	  3  	  3  	0.015	0.029	0.016	0.941	
 506 	  3  	  3  	0.018	0.024	0.024	0.934	
 507 	  3  	  3  	0.010	0.022	0.028	0.940	
 508 	  3  	  3  	0.016	0.024	0.078	0.882	
 509 	  3  	  3  	0.018	0.025	0.050	0.906	
 510 	  3  	  3  	0.010	0.019	0.027	0.944	
 511 	  3  	  3  	0.015	0.037	0.027	0.921	
 512 	  3  	  3  	0.011	0.020	0.026	0.943	
 513 	  3  	  3  	0.033	0.091	0.021	0.855	
 514 	  3  	  3  	0.011	0.042	0.035	0.911	
 515 	  3  	  3  	0.056	0.035	0.017	0.892	
 516 	  3  	  3  	0.011	0.036	0.022	0.931	
 517 	  3  	  3  	0.022	0.058	0.026	0.893	
 518 	  3  	  3  	0.185	0.048	0.032	0.735	
 519 	  3  	  3  	0.027	0.079	0.027	0.867	
 520 	  3  	  3  	0.028	0.074	0.024	0.874	
 521 	  3  	  3  	0.092	0.049	0.029	0.831	
 522 	  3  	  3  	0.014	0.039	0.026	0.920	
 523 	  3  	  3  	0.011	0.042	0.035	0.911	
 524 	  3  	  3  	0.059	0.039	0.022	0.880	
 525 	  3  	  3  	0.011	0.036	0.022	0.931	
 526 	  3  	  3  	0.016	0.046	0.037	0.901	
 527 	  3  	  3  	0.126	0.068	0.023	0.783	
 528 	  3  	  3  	0.011	0.037	0.020	0.932	
 529 	  3  	  3  	0.016	0.046	0.037	0.901	
 530 	  3  	  3  	0.126	0.068	0.023	0.783	
 531 	  3  	  3  	0.011	0.037	0.020	0.932	
 532 	  3  	  3  	0.021	0.062	0.022	0.895	
 533 	  3  	  3  	0.338	0.066	0.044	0.552	
 534 	  3  	  3  	0.011	0.044	0.021	0.924	
 535 	  3  	  3  	0.016	0.047	0.015	0.922	
 536 	  3  	  3  	0.196	0.054	0.028	0.722	
 537 	  0  	  3  	0.761	0.097	0.021	0.120	
 538 	  3  	  3  	0.018	0.117	0.021	0.844	
 539 	  0  	  0  	0.967	0.013	0.006	0.014	
 540 	  0  	  0  	0.935	0.015	0.023	0.027	
 541 	  0  	  0  	0.948	0.011	0.018	0.023	
 542 	  0  	  0  	0.921	0.014	0.024	0.042	
 543 	  0  	  0  	0.929	0.012	0.021	0.037	
 544 	  0  	  0  	0.967	0.013	0.006	0.014	
 545 	  0  	  0  	0.935	0.015	0.023	0.027	
 546 	  0  	  0  	0.948	0.011	0.018	0.023	
 547 	  0  	  0  	0.939	0.020	0.016	0.025	
 548 	  0  	  0  	0.946	0.012	0.013	0.029	
 549 	  0  	  0  	0.950	0.012	0.012	0.027	
 550 	  0  	  0  	0.916	0.015	0.032	0.037	
 551 	  0  	  0  	0.925	0.021	0.013	0.042	
 552 	  0  	  0  	0.933	0.025	0.017	0.025	
 553 	  0  	  0  	0.923	0.011	0.031	0.034	
 554 	  0  	  0  	0.934	0.035	0.015	0.016	
 555 	  0  	  0  	0.958	0.014	0.007	0.021	
 556 	  0  	  0  	0.925	0.016	0.031	0.028	
 557 	  0  	  0  	0.943	0.013	0.018	0.026	
 558 	  0  	  0  	0.952	0.009	0.018	0.021	
 559 	  0  	  0  	0.926	0.015	0.030	0.029	
 560 	  0  	  0  	0.940	0.015	0.017	0.029	
 561 	  0  	  0  	0.957	0.013	0.015	0.015	
 562 	  0  	  0  	0.935	0.019	0.010	0.036	
 563 	  0  	  0  	0.928	0.018	0.010	0.044	
 564 	  0  	  0  	0.918	0.016	0.038	0.028	
 565 	  0  	  0  	0.908	0.015	0.013	0.064	
 566 	  0  	  0  	0.935	0.010	0.017	0.038	
 567 	  0  	  0  	0.928	0.022	0.009	0.040	
 568 	  0  	  0  	0.935	0.022	0.018	0.025	
 569 	  0  	  0  	0.932	0.016	0.025	0.028	
 570 	  0  	  0  	0.958	0.012	0.016	0.014	
 571 	  0  	  0  	0.928	0.010	0.015	0.047	
 572 	  0  	  0  	0.914	0.012	0.034	0.040	
 573 	  0  	  0  	0.922	0.014	0.025	0.039	
 574 	  0  	  0  	0.932	0.013	0.024	0.031	
 575 	  0  	  0  	0.917	0.027	0.036	0.020	
 576 	  0  	  0  	0.933	0.012	0.017	0.038	
 577 	  0  	  0  	0.947	0.014	0.019	0.020	
 578 	  0  	  0  	0.967	0.011	0.010	0.012	
 579 	  0  	  0  	0.925	0.021	0.024	0.029	
 580 	  0  	  0  	0.936	0.015	0.019	0.030	
 581 	  0  	  0  	0.937	0.017	0.017	0.029	
 582 	  0  	  0  	0.928	0.017	0.023	0.031	
 583 	  0  	  0  	0.943	0.018	0.015	0.024	
 584 	  0  	  0  	0.936	0.019	0.019	0.027	
 585 	  0  	  0  	0.924	0.025	0.011	0.039	
 586 	  0  	  0  	0.932	0.016	0.010	0.042	
 587 	  0  	  0  	0.928	0.022	0.008	0.042	
 588 	  0  	  0  	0.924	0.020	0.012	0.044	
 589 	  0  	  0  	0.938	0.021	0.016	0.024	
 590 	  0  	  0  	0.933	0.015	0.010	0.042	
 591 	  0  	  0  	0.927	0.021	0.029	0.023	
 592 	  0  	  0  	0.929	0.022	0.018	0.031	
 593 	  0  	  0  	0.947	0.017	0.012	0.024	
 594 	  0  	  0  	0.934	0.020	0.021	0.025	
 595 	  0  	  0  	0.936	0.019	0.015	0.030	
 596 	  0  	  0  	0.923	0.027	0.026	0.023	
 597 	  0  	  0  	0.941	0.016	0.016	0.026	
 598 	  0  	  0  	0.930	0.019	0.020	0.031	
 599 	  0  	  0  	0.920	0.026	0.023	0.031	
 600 	  0  	  0  	0.948	0.017	0.012	0.023	
 601 	  0  	  0  	0.909	0.020	0.033	0.038	
 602 	  0  	  0  	0.925	0.020	0.024	0.031	
 603 	  0  	  0  	0.935	0.028	0.019	0.018	
 604 	  0  	  0  	0.916	0.013	0.039	0.032	
 605 	  0  	  0  	0.930	0.017	0.018	0.034	
 606 	  0  	  0  	0.959	0.010	0.019	0.012	
 607 	  0  	  0  	0.938	0.022	0.013	0.026	
 608 	  0  	  0  	0.945	0.016	0.013	0.025	
 609 	  0  	  0  	0.945	0.016	0.023	0.016	
 610 	  0  	  0  	0.956	0.010	0.016	0.018	
 611 	  0  	  0  	0.937	0.025	0.018	0.019	
 612 	  0  	  0  	0.946	0.018	0.017	0.019	
 613 	  0  	  0  	0.937	0.012	0.022	0.028	
 614 	  0  	  0  	0.953	0.012	0.011	0.024	
 615 	  0  	  0  	0.955	0.009	0.010	0.026	
 616 	  0  	  0  	0.932	0.019	0.018	0.032	
 617 	  0  	  0  	0.942	0.022	0.011	0.025	
 618 	  0  	  0  	0.949	0.019	0.010	0.022	
 619 	  0  	  0  	0.905	0.029	0.021	0.045	
 620 	  0  	  0  	0.916	0.023	0.024	0.037	
 621 	  0  	  0  	0.922	0.026	0.021	0.030	
 622 	  0  	  0  	0.916	0.034	0.017	0.033	
 623 	  0  	  0  	0.920	0.025	0.018	0.037	
 624 	  0  	  0  	0.909	0.030	0.022	0.039	
 625 	  0  	  0  	0.926	0.026	0.019	0.029	
 626 	  0  	  0  	0.921	0.023	0.022	0.033	
 627 	  0  	  0  	0.899	0.033	0.025	0.043	
 628 	  0  	  0  	0.913	0.035	0.014	0.038	
 629 	  0  	  0  	0.946	0.015	0.016	0.022	
 630 	  0  	  0  	0.937	0.016	0.020	0.027	
 631 	  0  	  0  	0.922	0.026	0.022	0.030	
 632 	  0  	  0  	0.925	0.031	0.014	0.030	
 633 	  0  	  0  	0.913	0.035	0.018	0.034	
 634 	  0  	  0  	0.917	0.026	0.025	0.033	
 635 	  0  	  0  	0.917	0.033	0.018	0.032	
 636 	  0  	  0  	0.905	0.034	0.018	0.044	
 637 	  0  	  0  	0.941	0.021	0.017	0.021	
 638 	  0  	  0  	0.927	0.023	0.032	0.017	
 639 	  0  	  0  	0.895	0.029	0.050	0.025	
 640 	  0  	  0  	0.885	0.050	0.033	0.032	
 641 	  0  	  0  	0.909	0.027	0.034	0.031	
 642 	  0  	  0  	0.919	0.017	0.037	0.027	
 643 	  0  	  0  	0.911	0.020	0.029	0.040	
 644 	  0  	  0  	0.927	0.016	0.032	0.025	
 645 	  0  	  0  	0.939	0.010	0.031	0.020	
 646 	  0  	  0  	0.941	0.021	0.019	0.019	
 647 	  0  	  0  	0.931	0.026	0.020	0.024	
 648 	  0  	  0  	0.928	0.023	0.025	0.023	
 649 	  0  	  0  	0.930	0.022	0.027	0.021	
 650 	  0  	  0  	0.940	0.024	0.017	0.019	
 651 	  0  	  0  	0.914	0.030	0.027	0.030	
 652 	  0  	  0  	0.926	0.017	0.033	0.023	
 653 	  0  	  0  	0.910	0.018	0.028	0.044	
 654 	  0  	  0  	0.923	0.018	0.024	0.035	
 655 	  0  	  0  	0.901	0.016	0.016	0.067	
 656 	  0  	  0  	0.929	0.017	0.019	0.035	
 657 	  0  	  0  	0.923	0.015	0.018	0.044	
 658 	  0  	  0  	0.926	0.017	0.016	0.042	
 659 	  0  	  0  	0.952	0.017	0.010	0.021	
 660 	  0  	  0  	0.915	0.039	0.019	0.027	
 661 	  0  	  0  	0.928	0.032	0.015	0.025	
 662 	  0  	  0  	0.935	0.024	0.012	0.029	
 663 	  0  	  0  	0.917	0.039	0.015	0.029	
 664 	  0  	  0  	0.920	0.035	0.017	0.029	
 665 	  0  	  0  	0.919	0.020	0.032	0.029	
 666 	  0  	  0  	0.929	0.017	0.024	0.029	
 667 	  0  	  0  	0.921	0.021	0.028	0.030	
 668 	  0  	  0  	0.933	0.016	0.022	0.029	
 669 	  0  	  0  	0.948	0.014	0.014	0.024	
 670 	  0  	  0  	0.917	0.023	0.030	0.030	
 671 	  0  	  0  	0.924	0.018	0.027	0.031	
 672 	  0  	  0  	0.937	0.020	0.017	0.027	
 673 	  0  	  0  	0.947	0.024	0.014	0.015	
 674 	  0  	  0  	0.930	0.030	0.020	0.020	
 675 	  0  	  0  	0.929	0.031	0.016	0.024	
 676 	  0  	  0  	0.944	0.026	0.014	0.016	
 677 	  0  	  0  	0.930	0.012	0.023	0.035	
 678 	  0  	  0  	0.927	0.014	0.023	0.036	
 679 	  0  	  0  	0.917	0.017	0.034	0.031	
 680 	  0  	  0  	0.936	0.020	0.011	0.032	
 681 	  0  	  0  	0.889	0.022	0.037	0.051	
 682 	  0  	  0  	0.938	0.015	0.018	0.029	
 683 	  0  	  0  	0.932	0.022	0.017	0.029	
 684 	  0  	  0  	0.943	0.017	0.017	0.024	
 685 	  0  	  0  	0.946	0.019	0.015	0.020	
 686 	  0  	  0  	0.922	0.015	0.025	0.039	
 687 	  0  	  0  	0.837	0.019	0.037	0.106	
 688 	  0  	  0  	0.905	0.017	0.021	0.058	
 689 	  0  	  0  	0.910	0.018	0.028	0.044	
 690 	  0  	  0  	0.923	0.018	0.024	0.035	
 691 	  0  	  0  	0.901	0.016	0.016	0.067	
 692 	  0  	  0  	0.918	0.019	0.032	0.032	
 693 	  0  	  0  	0.906	0.037	0.030	0.027	
 694 	  0  	  0  	0.926	0.015	0.019	0.039	
 695 	  0  	  0  	0.911	0.033	0.026	0.031	
 696 	  0  	  0  	0.914	0.035	0.026	0.026	
 697 	  0  	  0  	0.918	0.015	0.017	0.050	
 698 	  0  	  0  	0.925	0.017	0.018	0.040	
 699 	  0  	  0  	0.934	0.020	0.020	0.026	
 700 	  0  	  0  	0.925	0.020	0.016	0.039	
 701 	  0  	  0  	0.929	0.017	0.019	0.035	
 702 	  0  	  0  	0.923	0.015	0.018	0.044	
 703 	  0  	  0  	0.926	0.017	0.016	0.042	
 704 	  0  	  0  	0.969	0.010	0.009	0.012	
 705 	  0  	  0  	0.924	0.028	0.023	0.025	
 706 	  0  	  0  	0.926	0.026	0.023	0.025	
 707 	  0  	  0  	0.937	0.027	0.016	0.020	
 708 	  0  	  0  	0.916	0.033	0.024	0.027	
 709 	  0  	  0  	0.920	0.028	0.025	0.028	
 710 	  0  	  0  	0.945	0.014	0.022	0.019	
 711 	  0  	  0  	0.939	0.014	0.023	0.023	
 712 	  0  	  0  	0.969	0.010	0.009	0.012	
 713 	  0  	  0  	0.930	0.019	0.025	0.027	
 714 	  0  	  0  	0.964	0.011	0.013	0.012	
 715 	  0  	  0  	0.937	0.015	0.020	0.029	
 716 	  0  	  0  	0.923	0.026	0.024	0.027	
 717 	  0  	  0  	0.955	0.010	0.012	0.023	
 718 	  0  	  0  	0.937	0.011	0.019	0.033	
 719 	  0  	  0  	0.929	0.016	0.023	0.031	
 720 	  0  	  0  	0.952	0.010	0.013	0.025	
 721 	  0  	  0  	0.941	0.017	0.009	0.034	
 722 	  0  	  0  	0.928	0.016	0.028	0.029	
 723 	  0  	  0  	0.945	0.018	0.008	0.029	
 724 	  0  	  0  	0.927	0.014	0.023	0.035	
 725 	  0  	  0  	0.924	0.033	0.019	0.024	
 726 	  0  	  0  	0.925	0.041	0.016	0.019	
 727 	  0  	  0  	0.928	0.019	0.015	0.037	
 728 	  0  	  0  	0.938	0.021	0.018	0.024	
 729 	  0  	  0  	0.858	0.051	0.042	0.048	
 730 	  0  	  0  	0.931	0.015	0.014	0.040	
 731 	  0  	  0  	0.955	0.014	0.012	0.019	
 732 	  0  	  0  	0.907	0.046	0.021	0.025	
 733 	  0  	  0  	0.934	0.023	0.016	0.026	
 734 	  0  	  0  	0.938	0.023	0.018	0.021	
 735 	  0  	  0  	0.911	0.051	0.014	0.024	
 736 	  0  	  0  	0.940	0.011	0.015	0.034	
 737 	  0  	  0  	0.917	0.036	0.017	0.030	
 738 	  0  	  0  	0.929	0.018	0.019	0.035	
 739 	  0  	  0  	0.936	0.023	0.025	0.016	
 740 	  0  	  0  	0.891	0.049	0.031	0.029	
 741 	  0  	  0  	0.908	0.020	0.027	0.045	
 742 	  0  	  0  	0.936	0.017	0.026	0.021	
 743 	  0  	  0  	0.936	0.019	0.019	0.026	
 744 	  0  	  0  	0.928	0.012	0.026	0.033	
 745 	  0  	  0  	0.932	0.030	0.014	0.025	
 746 	  0  	  0  	0.951	0.017	0.015	0.016	
 747 	  0  	  0  	0.938	0.013	0.017	0.032	
 748 	  0  	  0  	0.916	0.048	0.019	0.018	
 749 	  0  	  0  	0.938	0.016	0.019	0.027	
 750 	  0  	  0  	0.933	0.019	0.019	0.029	
 751 	  0  	  0  	0.944	0.032	0.011	0.013	
 752 	  0  	  0  	0.935	0.020	0.033	0.012	
 753 	  0  	  0  	0.938	0.016	0.019	0.027	
 754 	  0  	  0  	0.925	0.027	0.019	0.030	
 755 	  0  	  0  	0.934	0.033	0.020	0.013	
 756 	  0  	  0  	0.933	0.019	0.019	0.029	
 757 	  0  	  0  	0.904	0.022	0.033	0.041	
 758 	  0  	  0  	0.906	0.043	0.030	0.021	
 759 	  0  	  0  	0.935	0.028	0.013	0.025	
 760 	  0  	  0  	0.925	0.022	0.024	0.029	
 761 	  0  	  0  	0.938	0.036	0.015	0.011	
 762 	  0  	  0  	0.926	0.037	0.014	0.023	
 763 	  0  	  0  	0.957	0.017	0.012	0.015	
 764 	  0  	  0  	0.958	0.017	0.010	0.014	
 765 	  0  	  0  	0.930	0.018	0.024	0.028	
 766 	  0  	  0  	0.929	0.040	0.012	0.019	
 767 	  0  	  0  	0.918	0.021	0.028	0.033	
 768 	  0  	  0  	0.928	0.039	0.013	0.020	
 769 	  0  	  0  	0.920	0.044	0.013	0.022	
 770 	  0  	  0  	0.924	0.032	0.015	0.030	
 771 	  0  	  0  	0.957	0.017	0.012	0.015	
 772 	  0  	  0  	0.905	0.046	0.017	0.033	
 773 	  0  	  0  	0.958	0.017	0.010	0.014	
 774 	  0  	  0  	0.926	0.017	0.025	0.032	
 775 	  0  	  0  	0.913	0.017	0.033	0.037	
 776 	  0  	  0  	0.930	0.018	0.024	0.028	
 777 	  0  	  0  	0.929	0.040	0.012	0.019	
 778 	  0  	  0  	0.912	0.017	0.032	0.039	
 779 	  0  	  0  	0.918	0.021	0.028	0.033	
 780 	  0  	  0  	0.928	0.039	0.013	0.020	
 781 	  0  	  0  	0.930	0.025	0.016	0.030	
 782 	  0  	  0  	0.916	0.020	0.024	0.040	
 783 	  0  	  0  	0.897	0.022	0.018	0.063	
 784 	  0  	  0  	0.915	0.030	0.017	0.038	
 785 	  0  	  0  	0.935	0.017	0.021	0.027	
 786 	  0  	  0  	0.898	0.025	0.018	0.059	
 787 	  0  	  0  	0.948	0.021	0.005	0.025	
 788 	  0  	  0  	0.944	0.019	0.005	0.032	
 789 	  0  	  0  	0.911	0.021	0.030	0.038	
 790 	  0  	  0  	0.916	0.030	0.024	0.030	
 791 	  0  	  0  	0.922	0.025	0.026	0.027	
 792 	  0  	  0  	0.922	0.012	0.035	0.031	
 793 	  0  	  0  	0.931	0.031	0.021	0.017	
 794 	  0  	  0  	0.900	0.036	0.019	0.045	
 795 	  0  	  0  	0.929	0.031	0.012	0.028	
 796 	  0  	  0  	0.914	0.021	0.027	0.038	
 797 	  0  	  0  	0.944	0.011	0.018	0.027	
 798 	  0  	  0  	0.951	0.019	0.009	0.022	
 799 	  0  	  0  	0.656	0.097	0.023	0.224	
 800 	  0  	  0  	0.950	0.019	0.012	0.020	
 801 	  0  	  0  	0.707	0.081	0.021	0.191	
 802 	  0  	  0  	0.933	0.032	0.014	0.021	
 803 	  0  	  0  	0.933	0.011	0.018	0.038	
 804 	  0  	  0  	0.941	0.012	0.019	0.028	
 805 	  0  	  0  	0.936	0.013	0.029	0.022	
 806 	  0  	  0  	0.929	0.020	0.022	0.029	
 807 	  0  	  0  	0.945	0.020	0.010	0.026	
 808 	  0  	  0  	0.924	0.018	0.024	0.033	
 809 	  0  	  0  	0.871	0.026	0.060	0.042	
 810 	  0  	  0  	0.954	0.018	0.018	0.010	
 811 	  0  	  0  	0.927	0.020	0.023	0.030	
 812 	  0  	  0  	0.940	0.022	0.016	0.022	
 813 	  0  	  0  	0.909	0.044	0.021	0.025	
 814 	  0  	  0  	0.913	0.032	0.026	0.029	
 815 	  0  	  0  	0.925	0.021	0.026	0.028	
 816 	  0  	  0  	0.945	0.018	0.019	0.017	
 817 	  0  	  0  	0.891	0.013	0.053	0.044	
 818 	  0  	  0  	0.929	0.028	0.019	0.024	
 819 	  0  	  0  	0.916	0.044	0.015	0.024	
 820 	  0  	  0  	0.952	0.020	0.014	0.014	
 821 	  0  	  0  	0.942	0.026	0.016	0.016	
 822 	  0  	  0  	0.948	0.025	0.012	0.015	
 823 	  0  	  0  	0.934	0.030	0.015	0.020	
 824 	  0  	  0  	0.927	0.011	0.022	0.041	
 825 	  0  	  0  	0.942	0.012	0.017	0.029	
 826 	  0  	  0  	0.915	0.047	0.026	0.013	
 827 	  0  	  0  	0.940	0.022	0.018	0.020	
 828 	  0  	  0  	0.924	0.029	0.025	0.022	
 829 	  0  	  0  	0.943	0.035	0.007	0.015	
 830 	  0  	  0  	0.942	0.016	0.018	0.023	
 831 	  0  	  0  	0.940	0.016	0.024	0.020	
 832 	  0  	  0  	0.938	0.024	0.015	0.023	
 833 	  0  	  0  	0.940	0.017	0.019	0.024	
 834 	  0  	  0  	0.930	0.019	0.022	0.030	
 835 	  0  	  0  	0.940	0.020	0.012	0.028	
 836 	  0  	  0  	0.945	0.021	0.010	0.024	
 837 	  0  	  0  	0.934	0.011	0.018	0.037	
 838 	  0  	  0  	0.949	0.019	0.010	0.022	
 839 	  0  	  0  	0.926	0.032	0.013	0.029	
 840 	  0  	  0  	0.426	0.080	0.076	0.418	
 841 	  0  	  0  	0.926	0.020	0.022	0.031	
 842 	  0  	  0  	0.906	0.035	0.026	0.033	
 843 	  0  	  0  	0.907	0.048	0.027	0.017	
 844 	  0  	  0  	0.779	0.158	0.015	0.047	
 845 	  0  	  0  	0.873	0.077	0.024	0.025	
 846 	  0  	  0  	0.884	0.073	0.020	0.022	
 847 	  0  	  0  	0.838	0.081	0.028	0.053	
 848 	  0  	  0  	0.868	0.021	0.043	0.069	
 849 	  0  	  0  	0.837	0.082	0.028	0.053	
 850 	  0  	  0  	0.867	0.021	0.043	0.069	
 851 	  0  	  0  	0.817	0.098	0.028	0.057	
 852 	  0  	  0  	0.710	0.018	0.085	0.187	
 853 	  0  	  0  	0.862	0.083	0.038	0.018	
 854 	  0  	  0  	0.792	0.024	0.025	0.160	
