  no	pred	real	Good	Contact	Radius	Hole
  0  	  1  	  1  	0.018	0.838	0.058	0.086	
  1  	  1  	  1  	0.012	0.912	0.018	0.059	
  2  	  1  	  1  	0.014	0.873	0.053	0.059	
  3  	  1  	  1  	0.007	0.903	0.030	0.059	
  4  	  1  	  1  	0.018	0.838	0.058	0.086	
  5  	  1  	  1  	0.012	0.912	0.018	0.059	
  6  	  1  	  1  	0.013	0.720	0.164	0.103	
  7  	  1  	  1  	0.009	0.915	0.024	0.052	
  8  	  1  	  1  	0.012	0.902	0.024	0.061	
  9  	  1  	  1  	0.011	0.891	0.046	0.053	
 10  	  1  	  1  	0.011	0.820	0.120	0.049	
 11  	  1  	  1  	0.013	0.854	0.064	0.069	
 12  	  1  	  1  	0.012	0.815	0.095	0.078	
 13  	  1  	  1  	0.007	0.804	0.024	0.166	
 14  	  1  	  1  	0.011	0.856	0.031	0.101	
 15  	  1  	  1  	0.016	0.899	0.032	0.053	
 16  	  1  	  1  	0.014	0.911	0.021	0.054	
 17  	  1  	  1  	0.007	0.940	0.022	0.030	
 18  	  1  	  1  	0.015	0.897	0.032	0.057	
 19  	  1  	  1  	0.008	0.941	0.017	0.034	
 20  	  1  	  1  	0.010	0.940	0.018	0.032	
 21  	  1  	  1  	0.018	0.915	0.020	0.047	
 22  	  1  	  1  	0.006	0.722	0.057	0.215	
 23  	  1  	  1  	0.008	0.823	0.054	0.115	
 24  	  1  	  1  	0.032	0.886	0.041	0.041	
 25  	  1  	  1  	0.017	0.901	0.029	0.053	
 26  	  1  	  1  	0.014	0.916	0.027	0.043	
 27  	  1  	  1  	0.016	0.904	0.031	0.049	
 28  	  1  	  1  	0.010	0.915	0.023	0.051	
 29  	  1  	  1  	0.017	0.921	0.019	0.043	
 30  	  1  	  1  	0.022	0.895	0.043	0.040	
 31  	  1  	  1  	0.014	0.895	0.038	0.053	
 32  	  1  	  1  	0.015	0.927	0.023	0.036	
 33  	  1  	  1  	0.020	0.925	0.016	0.039	
 34  	  1  	  1  	0.016	0.909	0.035	0.040	
 35  	  1  	  1  	0.013	0.906	0.027	0.053	
 36  	  1  	  1  	0.015	0.921	0.021	0.043	
 37  	  1  	  1  	0.016	0.899	0.045	0.041	
 38  	  1  	  1  	0.012	0.947	0.017	0.024	
 39  	  1  	  1  	0.017	0.889	0.038	0.056	
 40  	  1  	  1  	0.006	0.893	0.037	0.064	
 41  	  1  	  1  	0.034	0.848	0.063	0.056	
 42  	  1  	  1  	0.015	0.899	0.045	0.041	
 43  	  1  	  1  	0.017	0.889	0.038	0.056	
 44  	  1  	  1  	0.006	0.894	0.037	0.063	
 45  	  1  	  1  	0.034	0.848	0.063	0.056	
 46  	  1  	  1  	0.010	0.914	0.032	0.044	
 47  	  1  	  1  	0.017	0.883	0.036	0.064	
 48  	  1  	  1  	0.006	0.909	0.030	0.055	
 49  	  1  	  1  	0.011	0.914	0.029	0.046	
 50  	  1  	  1  	0.015	0.934	0.020	0.030	
 51  	  1  	  1  	0.012	0.879	0.051	0.058	
 52  	  1  	  1  	0.013	0.912	0.040	0.035	
 53  	  1  	  1  	0.021	0.891	0.029	0.059	
 54  	  1  	  1  	0.012	0.879	0.051	0.058	
 55  	  1  	  1  	0.013	0.912	0.040	0.035	
 56  	  1  	  1  	0.021	0.891	0.029	0.059	
 57  	  1  	  1  	0.016	0.899	0.041	0.045	
 58  	  1  	  1  	0.019	0.873	0.049	0.059	
 59  	  1  	  1  	0.010	0.874	0.039	0.077	
 60  	  1  	  1  	0.012	0.915	0.022	0.050	
 61  	  1  	  1  	0.009	0.892	0.034	0.065	
 62  	  1  	  1  	0.014	0.938	0.016	0.032	
 63  	  1  	  1  	0.019	0.834	0.052	0.095	
 64  	  1  	  1  	0.009	0.892	0.034	0.065	
 65  	  1  	  1  	0.009	0.897	0.025	0.069	
 66  	  1  	  1  	0.012	0.869	0.055	0.063	
 67  	  1  	  1  	0.026	0.894	0.059	0.021	
 68  	  1  	  1  	0.015	0.851	0.063	0.071	
 69  	  1  	  1  	0.016	0.907	0.051	0.027	
 70  	  1  	  1  	0.022	0.882	0.031	0.066	
 71  	  1  	  1  	0.013	0.942	0.021	0.023	
 72  	  1  	  1  	0.010	0.942	0.021	0.027	
 73  	  1  	  1  	0.012	0.932	0.028	0.028	
 74  	  1  	  1  	0.009	0.905	0.033	0.054	
 75  	  1  	  1  	0.028	0.797	0.105	0.071	
 76  	  1  	  1  	0.008	0.953	0.015	0.023	
 77  	  1  	  1  	0.009	0.905	0.029	0.058	
 78  	  1  	  1  	0.006	0.906	0.049	0.040	
 79  	  1  	  1  	0.006	0.919	0.035	0.040	
 80  	  1  	  1  	0.007	0.921	0.028	0.043	
 81  	  1  	  1  	0.006	0.909	0.035	0.050	
 82  	  1  	  1  	0.024	0.847	0.087	0.042	
 83  	  1  	  1  	0.013	0.891	0.047	0.049	
 84  	  1  	  1  	0.032	0.891	0.023	0.055	
 85  	  1  	  1  	0.041	0.848	0.044	0.067	
 86  	  1  	  1  	0.036	0.817	0.089	0.058	
 87  	  1  	  1  	0.013	0.880	0.058	0.049	
 88  	  1  	  1  	0.021	0.891	0.033	0.055	
 89  	  1  	  1  	0.019	0.905	0.020	0.056	
 90  	  1  	  1  	0.013	0.838	0.072	0.077	
 91  	  1  	  1  	0.014	0.942	0.021	0.023	
 92  	  1  	  1  	0.015	0.894	0.033	0.058	
 93  	  1  	  1  	0.019	0.901	0.037	0.043	
 94  	  1  	  1  	0.017	0.906	0.041	0.036	
 95  	  1  	  1  	0.011	0.889	0.052	0.048	
 96  	  1  	  1  	0.011	0.906	0.050	0.034	
 97  	  1  	  1  	0.018	0.905	0.015	0.063	
 98  	  1  	  1  	0.018	0.844	0.081	0.058	
 99  	  1  	  1  	0.015	0.892	0.033	0.060	
 100 	  1  	  1  	0.014	0.929	0.025	0.032	
 101 	  1  	  1  	0.010	0.914	0.019	0.057	
 102 	  1  	  1  	0.005	0.952	0.020	0.024	
 103 	  1  	  1  	0.003	0.924	0.020	0.053	
 104 	  1  	  1  	0.008	0.951	0.015	0.025	
 105 	  1  	  1  	0.009	0.944	0.018	0.028	
 106 	  1  	  1  	0.012	0.895	0.040	0.053	
 107 	  1  	  1  	0.010	0.902	0.022	0.066	
 108 	  1  	  1  	0.013	0.912	0.027	0.049	
 109 	  1  	  1  	0.014	0.925	0.026	0.035	
 110 	  1  	  1  	0.013	0.906	0.046	0.035	
 111 	  1  	  1  	0.013	0.903	0.044	0.040	
 112 	  1  	  1  	0.044	0.828	0.073	0.055	
 113 	  1  	  1  	0.022	0.912	0.022	0.044	
 114 	  1  	  1  	0.017	0.865	0.079	0.039	
 115 	  1  	  1  	0.004	0.950	0.019	0.027	
 116 	  1  	  1  	0.012	0.718	0.099	0.171	
 117 	  1  	  1  	0.021	0.915	0.032	0.031	
 118 	  1  	  1  	0.016	0.920	0.024	0.040	
 119 	  1  	  1  	0.013	0.825	0.088	0.075	
 120 	  1  	  1  	0.009	0.897	0.037	0.057	
 121 	  1  	  1  	0.014	0.907	0.029	0.050	
 122 	  1  	  1  	0.013	0.923	0.023	0.041	
 123 	  1  	  1  	0.014	0.861	0.056	0.069	
 124 	  1  	  1  	0.007	0.905	0.034	0.055	
 125 	  1  	  1  	0.024	0.898	0.030	0.049	
 126 	  1  	  1  	0.012	0.881	0.050	0.058	
 127 	  1  	  1  	0.016	0.915	0.027	0.042	
 128 	  1  	  1  	0.008	0.895	0.045	0.052	
 129 	  1  	  1  	0.010	0.875	0.020	0.096	
 130 	  1  	  1  	0.016	0.889	0.049	0.046	
 131 	  1  	  1  	0.010	0.911	0.029	0.050	
 132 	  1  	  1  	0.008	0.928	0.023	0.041	
 133 	  1  	  1  	0.013	0.931	0.024	0.032	
 134 	  1  	  1  	0.010	0.902	0.039	0.050	
 135 	  1  	  1  	0.010	0.913	0.045	0.032	
 136 	  1  	  1  	0.010	0.921	0.013	0.055	
 137 	  1  	  1  	0.010	0.924	0.022	0.045	
 138 	  1  	  1  	0.013	0.924	0.018	0.045	
 139 	  1  	  1  	0.021	0.814	0.106	0.058	
 140 	  1  	  1  	0.007	0.949	0.013	0.032	
 141 	  1  	  1  	0.019	0.811	0.079	0.091	
 142 	  1  	  1  	0.019	0.930	0.029	0.023	
 143 	  3  	  1  	0.096	0.023	0.047	0.833	
 144 	  1  	  1  	0.024	0.922	0.022	0.032	
 145 	  1  	  1  	0.027	0.928	0.021	0.023	
 146 	  2  	  2  	0.017	0.060	0.849	0.075	
 147 	  2  	  2  	0.026	0.014	0.919	0.041	
 148 	  2  	  2  	0.023	0.030	0.901	0.045	
 149 	  2  	  2  	0.026	0.016	0.916	0.043	
 150 	  2  	  2  	0.024	0.032	0.909	0.035	
 151 	  2  	  2  	0.012	0.043	0.872	0.073	
 152 	  2  	  2  	0.029	0.037	0.882	0.051	
 153 	  2  	  2  	0.028	0.025	0.919	0.028	
 154 	  2  	  2  	0.022	0.029	0.898	0.052	
 155 	  2  	  2  	0.025	0.026	0.897	0.052	
 156 	  2  	  2  	0.019	0.035	0.912	0.034	
 157 	  2  	  2  	0.025	0.043	0.885	0.047	
 158 	  2  	  2  	0.028	0.027	0.891	0.054	
 159 	  2  	  2  	0.023	0.014	0.922	0.042	
 160 	  2  	  2  	0.035	0.039	0.888	0.038	
 161 	  2  	  2  	0.015	0.028	0.921	0.036	
 162 	  2  	  2  	0.020	0.029	0.915	0.036	
 163 	  2  	  2  	0.017	0.040	0.912	0.030	
 164 	  2  	  2  	0.026	0.019	0.913	0.042	
 165 	  2  	  2  	0.016	0.037	0.897	0.049	
 166 	  2  	  2  	0.020	0.051	0.874	0.055	
 167 	  2  	  2  	0.018	0.053	0.906	0.023	
 168 	  2  	  2  	0.016	0.025	0.918	0.040	
 169 	  2  	  2  	0.020	0.022	0.913	0.045	
 170 	  2  	  2  	0.025	0.015	0.926	0.033	
 171 	  2  	  2  	0.019	0.024	0.924	0.033	
 172 	  2  	  2  	0.018	0.013	0.907	0.062	
 173 	  2  	  2  	0.021	0.030	0.912	0.037	
 174 	  2  	  2  	0.020	0.015	0.908	0.058	
 175 	  2  	  2  	0.048	0.014	0.882	0.056	
 176 	  2  	  2  	0.020	0.018	0.932	0.031	
 177 	  2  	  2  	0.023	0.028	0.901	0.049	
 178 	  2  	  2  	0.029	0.013	0.929	0.029	
 179 	  2  	  2  	0.017	0.015	0.928	0.040	
 180 	  2  	  2  	0.019	0.027	0.924	0.029	
 181 	  2  	  2  	0.020	0.018	0.932	0.031	
 182 	  2  	  2  	0.016	0.061	0.880	0.043	
 183 	  2  	  2  	0.022	0.022	0.923	0.033	
 184 	  2  	  2  	0.018	0.020	0.911	0.051	
 185 	  2  	  2  	0.015	0.039	0.899	0.048	
 186 	  2  	  2  	0.030	0.091	0.845	0.034	
 187 	  2  	  2  	0.024	0.055	0.875	0.045	
 188 	  2  	  2  	0.027	0.048	0.899	0.025	
 189 	  2  	  2  	0.020	0.036	0.906	0.038	
 190 	  2  	  2  	0.022	0.056	0.903	0.019	
 191 	  2  	  2  	0.036	0.030	0.874	0.061	
 192 	  2  	  2  	0.025	0.043	0.890	0.042	
 193 	  2  	  2  	0.015	0.029	0.903	0.053	
 194 	  2  	  2  	0.026	0.020	0.927	0.026	
 195 	  2  	  2  	0.013	0.047	0.885	0.056	
 196 	  2  	  2  	0.028	0.028	0.917	0.027	
 197 	  2  	  2  	0.024	0.038	0.891	0.047	
 198 	  2  	  2  	0.038	0.014	0.920	0.028	
 199 	  2  	  2  	0.020	0.039	0.901	0.040	
 200 	  2  	  2  	0.015	0.021	0.925	0.039	
 201 	  2  	  2  	0.022	0.049	0.884	0.045	
 202 	  2  	  2  	0.013	0.024	0.921	0.042	
 203 	  2  	  2  	0.015	0.021	0.925	0.039	
 204 	  2  	  2  	0.012	0.036	0.908	0.044	
 205 	  2  	  2  	0.033	0.052	0.848	0.067	
 206 	  2  	  2  	0.022	0.045	0.880	0.052	
 207 	  2  	  2  	0.027	0.032	0.883	0.058	
 208 	  2  	  2  	0.024	0.032	0.902	0.042	
 209 	  2  	  2  	0.032	0.036	0.887	0.045	
 210 	  2  	  2  	0.017	0.022	0.901	0.060	
 211 	  2  	  2  	0.028	0.043	0.851	0.078	
 212 	  2  	  2  	0.019	0.025	0.903	0.053	
 213 	  2  	  2  	0.030	0.026	0.884	0.061	
 214 	  2  	  2  	0.019	0.022	0.926	0.033	
 215 	  2  	  2  	0.018	0.027	0.902	0.052	
 216 	  2  	  2  	0.025	0.013	0.915	0.047	
 217 	  2  	  2  	0.018	0.027	0.902	0.052	
 218 	  2  	  2  	0.025	0.013	0.915	0.047	
 219 	  2  	  2  	0.020	0.019	0.896	0.065	
 220 	  2  	  2  	0.021	0.016	0.931	0.032	
 221 	  2  	  2  	0.019	0.050	0.878	0.053	
 222 	  2  	  2  	0.028	0.010	0.930	0.032	
 223 	  2  	  2  	0.019	0.038	0.892	0.051	
 224 	  2  	  2  	0.021	0.016	0.931	0.032	
 225 	  2  	  2  	0.028	0.010	0.930	0.032	
 226 	  2  	  2  	0.019	0.038	0.883	0.060	
 227 	  2  	  2  	0.018	0.048	0.889	0.044	
 228 	  2  	  2  	0.014	0.023	0.912	0.050	
 229 	  2  	  2  	0.020	0.048	0.858	0.074	
 230 	  2  	  2  	0.017	0.023	0.914	0.047	
 231 	  2  	  2  	0.017	0.023	0.914	0.047	
 232 	  2  	  2  	0.014	0.023	0.912	0.050	
 233 	  2  	  2  	0.026	0.046	0.876	0.052	
 234 	  2  	  2  	0.028	0.030	0.908	0.034	
 235 	  2  	  2  	0.023	0.033	0.888	0.056	
 236 	  2  	  2  	0.022	0.038	0.912	0.029	
 237 	  2  	  2  	0.021	0.051	0.894	0.034	
 238 	  2  	  2  	0.022	0.040	0.891	0.047	
 239 	  2  	  2  	0.017	0.041	0.888	0.054	
 240 	  2  	  2  	0.019	0.036	0.896	0.049	
 241 	  2  	  2  	0.017	0.037	0.901	0.045	
 242 	  2  	  2  	0.020	0.057	0.884	0.040	
 243 	  2  	  2  	0.023	0.021	0.907	0.049	
 244 	  2  	  2  	0.016	0.048	0.865	0.071	
 245 	  2  	  2  	0.017	0.026	0.926	0.031	
 246 	  2  	  2  	0.020	0.039	0.894	0.047	
 247 	  2  	  2  	0.023	0.021	0.907	0.049	
 248 	  2  	  2  	0.017	0.153	0.717	0.112	
 249 	  2  	  2  	0.029	0.023	0.899	0.049	
 250 	  2  	  2  	0.019	0.046	0.894	0.041	
 251 	  2  	  2  	0.024	0.023	0.909	0.044	
 252 	  2  	  2  	0.021	0.061	0.869	0.050	
 253 	  2  	  2  	0.031	0.089	0.850	0.030	
 254 	  2  	  2  	0.029	0.021	0.901	0.050	
 255 	  2  	  2  	0.021	0.042	0.890	0.047	
 256 	  2  	  2  	0.022	0.044	0.889	0.044	
 257 	  2  	  2  	0.027	0.048	0.898	0.026	
 258 	  2  	  2  	0.021	0.025	0.919	0.035	
 259 	  2  	  2  	0.023	0.031	0.902	0.044	
 260 	  2  	  2  	0.025	0.038	0.899	0.039	
 261 	  3  	  3  	0.022	0.027	0.020	0.931	
 262 	  3  	  3  	0.018	0.028	0.008	0.946	
 263 	  3  	  3  	0.011	0.035	0.027	0.927	
 264 	  3  	  3  	0.024	0.033	0.056	0.887	
 265 	  3  	  3  	0.011	0.038	0.039	0.913	
 266 	  3  	  3  	0.016	0.033	0.086	0.866	
 267 	  3  	  3  	0.010	0.082	0.032	0.876	
 268 	  3  	  3  	0.014	0.039	0.045	0.903	
 269 	  3  	  3  	0.025	0.026	0.038	0.911	
 270 	  3  	  3  	0.011	0.031	0.038	0.920	
 271 	  3  	  3  	0.011	0.032	0.038	0.919	
 272 	  3  	  3  	0.012	0.036	0.049	0.903	
 273 	  3  	  3  	0.013	0.048	0.053	0.886	
 274 	  3  	  3  	0.012	0.023	0.039	0.925	
 275 	  3  	  3  	0.016	0.029	0.025	0.930	
 276 	  3  	  3  	0.009	0.025	0.038	0.927	
 277 	  3  	  3  	0.009	0.034	0.032	0.924	
 278 	  3  	  3  	0.017	0.030	0.031	0.922	
 279 	  3  	  3  	0.011	0.031	0.036	0.923	
 280 	  3  	  3  	0.022	0.018	0.031	0.929	
 281 	  3  	  3  	0.013	0.028	0.044	0.915	
 282 	  3  	  3  	0.013	0.037	0.047	0.903	
 283 	  3  	  3  	0.017	0.063	0.033	0.887	
 284 	  3  	  3  	0.026	0.022	0.036	0.916	
 285 	  3  	  3  	0.011	0.022	0.061	0.907	
 286 	  3  	  3  	0.012	0.034	0.021	0.933	
 287 	  0  	  3  	0.575	0.048	0.022	0.355	
 288 	  3  	  3  	0.011	0.021	0.030	0.938	
 289 	  3  	  3  	0.014	0.023	0.035	0.929	
 290 	  3  	  3  	0.013	0.053	0.029	0.905	
 291 	  3  	  3  	0.029	0.013	0.087	0.871	
 292 	  3  	  3  	0.024	0.019	0.058	0.898	
 293 	  3  	  3  	0.017	0.022	0.033	0.928	
 294 	  3  	  3  	0.029	0.035	0.110	0.826	
 295 	  3  	  3  	0.017	0.045	0.058	0.879	
 296 	  3  	  3  	0.025	0.027	0.015	0.933	
 297 	  3  	  3  	0.010	0.042	0.036	0.912	
 298 	  3  	  3  	0.014	0.063	0.047	0.876	
 299 	  3  	  3  	0.016	0.043	0.054	0.887	
 300 	  3  	  3  	0.020	0.072	0.041	0.867	
 301 	  3  	  3  	0.003	0.017	0.008	0.973	
 302 	  3  	  3  	0.015	0.040	0.044	0.901	
 303 	  3  	  3  	0.017	0.042	0.047	0.895	
 304 	  3  	  3  	0.028	0.022	0.031	0.918	
 305 	  3  	  3  	0.012	0.043	0.032	0.913	
 306 	  3  	  3  	0.016	0.041	0.055	0.887	
 307 	  3  	  3  	0.015	0.046	0.039	0.900	
 308 	  3  	  3  	0.021	0.017	0.015	0.947	
 309 	  3  	  3  	0.013	0.037	0.033	0.917	
 310 	  3  	  3  	0.036	0.047	0.062	0.855	
 311 	  3  	  3  	0.015	0.064	0.040	0.882	
 312 	  3  	  3  	0.020	0.029	0.019	0.932	
 313 	  3  	  3  	0.030	0.029	0.100	0.841	
 314 	  3  	  3  	0.023	0.025	0.128	0.825	
 315 	  3  	  3  	0.034	0.019	0.038	0.909	
 316 	  3  	  3  	0.025	0.017	0.087	0.871	
 317 	  3  	  3  	0.017	0.038	0.146	0.798	
 318 	  3  	  3  	0.013	0.027	0.024	0.936	
 319 	  3  	  3  	0.007	0.036	0.019	0.938	
 320 	  3  	  3  	0.024	0.023	0.048	0.905	
 321 	  3  	  3  	0.017	0.030	0.048	0.906	
 322 	  3  	  3  	0.010	0.017	0.021	0.953	
 323 	  3  	  3  	0.008	0.029	0.020	0.943	
 324 	  3  	  3  	0.021	0.023	0.054	0.902	
 325 	  3  	  3  	0.012	0.029	0.054	0.905	
 326 	  3  	  3  	0.013	0.016	0.027	0.944	
 327 	  3  	  3  	0.032	0.034	0.035	0.899	
 328 	  3  	  3  	0.029	0.036	0.091	0.843	
 329 	  3  	  3  	0.015	0.027	0.055	0.904	
 330 	  3  	  3  	0.017	0.034	0.012	0.937	
 331 	  3  	  3  	0.013	0.043	0.046	0.899	
 332 	  3  	  3  	0.033	0.028	0.124	0.815	
 333 	  3  	  3  	0.024	0.020	0.192	0.765	
 334 	  3  	  3  	0.014	0.023	0.037	0.925	
 335 	  3  	  3  	0.013	0.047	0.021	0.919	
 336 	  3  	  3  	0.024	0.032	0.061	0.883	
 337 	  3  	  3  	0.009	0.026	0.034	0.931	
 338 	  3  	  3  	0.018	0.056	0.056	0.870	
 339 	  3  	  3  	0.015	0.024	0.037	0.925	
 340 	  3  	  3  	0.026	0.027	0.080	0.867	
 341 	  3  	  3  	0.010	0.033	0.029	0.928	
 342 	  3  	  3  	0.016	0.019	0.022	0.943	
 343 	  3  	  3  	0.011	0.037	0.032	0.921	
 344 	  3  	  3  	0.011	0.033	0.049	0.907	
 345 	  3  	  3  	0.011	0.038	0.016	0.935	
 346 	  3  	  3  	0.010	0.026	0.037	0.927	
 347 	  3  	  3  	0.012	0.030	0.052	0.906	
 348 	  3  	  3  	0.012	0.049	0.023	0.916	
 349 	  3  	  3  	0.032	0.028	0.096	0.844	
 350 	  3  	  3  	0.032	0.020	0.081	0.867	
 351 	  3  	  3  	0.011	0.013	0.046	0.929	
 352 	  3  	  3  	0.010	0.031	0.049	0.910	
 353 	  3  	  3  	0.017	0.043	0.026	0.915	
 354 	  3  	  3  	0.015	0.040	0.079	0.867	
 355 	  3  	  3  	0.012	0.021	0.088	0.880	
 356 	  3  	  3  	0.022	0.039	0.034	0.906	
 357 	  3  	  3  	0.009	0.047	0.048	0.895	
 358 	  3  	  3  	0.024	0.049	0.028	0.900	
 359 	  3  	  3  	0.013	0.042	0.058	0.887	
 360 	  3  	  3  	0.014	0.035	0.040	0.911	
 361 	  3  	  3  	0.022	0.029	0.048	0.901	
 362 	  3  	  3  	0.017	0.038	0.063	0.882	
 363 	  3  	  3  	0.012	0.034	0.050	0.905	
 364 	  3  	  3  	0.018	0.035	0.066	0.881	
 365 	  3  	  3  	0.014	0.017	0.038	0.932	
 366 	  3  	  3  	0.014	0.052	0.050	0.885	
 367 	  3  	  3  	0.014	0.041	0.050	0.895	
 368 	  3  	  3  	0.012	0.023	0.087	0.877	
 369 	  3  	  3  	0.015	0.056	0.067	0.863	
 370 	  3  	  3  	0.014	0.017	0.038	0.932	
 371 	  3  	  3  	0.014	0.052	0.050	0.885	
 372 	  3  	  3  	0.017	0.038	0.063	0.882	
 373 	  3  	  3  	0.012	0.034	0.050	0.905	
 374 	  3  	  3  	0.018	0.035	0.066	0.881	
 375 	  3  	  3  	0.015	0.059	0.051	0.875	
 376 	  3  	  3  	0.011	0.020	0.065	0.905	
 377 	  3  	  3  	0.019	0.029	0.055	0.897	
 378 	  3  	  3  	0.016	0.044	0.038	0.902	
 379 	  3  	  3  	0.012	0.029	0.049	0.910	
 380 	  3  	  3  	0.025	0.019	0.105	0.851	
 381 	  3  	  3  	0.016	0.043	0.062	0.879	
 382 	  3  	  3  	0.014	0.026	0.048	0.913	
 383 	  3  	  3  	0.011	0.050	0.020	0.919	
 384 	  3  	  3  	0.015	0.048	0.067	0.869	
 385 	  3  	  3  	0.010	0.031	0.049	0.910	
 386 	  3  	  3  	0.017	0.043	0.026	0.915	
 387 	  3  	  3  	0.015	0.040	0.079	0.867	
 388 	  3  	  3  	0.013	0.034	0.042	0.911	
 389 	  3  	  3  	0.013	0.039	0.026	0.921	
 390 	  3  	  3  	0.019	0.040	0.057	0.885	
 391 	  3  	  3  	0.013	0.026	0.061	0.900	
 392 	  3  	  3  	0.011	0.039	0.041	0.909	
 393 	  3  	  3  	0.012	0.047	0.056	0.884	
 394 	  3  	  3  	0.012	0.029	0.056	0.903	
 395 	  3  	  3  	0.013	0.046	0.023	0.918	
 396 	  3  	  3  	0.009	0.048	0.029	0.913	
 397 	  3  	  3  	0.015	0.026	0.054	0.905	
 398 	  3  	  3  	0.014	0.045	0.035	0.906	
 399 	  3  	  3  	0.009	0.063	0.031	0.896	
 400 	  3  	  3  	0.012	0.022	0.057	0.909	
 401 	  3  	  3  	0.013	0.038	0.032	0.917	
 402 	  3  	  3  	0.010	0.061	0.045	0.884	
 403 	  3  	  3  	0.012	0.021	0.088	0.880	
 404 	  3  	  3  	0.022	0.039	0.034	0.906	
 405 	  3  	  3  	0.009	0.047	0.048	0.895	
 406 	  3  	  3  	0.006	0.010	0.007	0.977	
 407 	  3  	  3  	0.006	0.009	0.007	0.978	
 408 	  3  	  3  	0.006	0.010	0.007	0.977	
 409 	  3  	  3  	0.012	0.058	0.035	0.896	
 410 	  3  	  3  	0.006	0.009	0.007	0.978	
 411 	  3  	  3  	0.011	0.024	0.051	0.914	
 412 	  3  	  3  	0.012	0.055	0.044	0.889	
 413 	  3  	  3  	0.013	0.069	0.037	0.880	
 414 	  3  	  3  	0.012	0.028	0.046	0.914	
 415 	  3  	  3  	0.016	0.039	0.044	0.901	
 416 	  3  	  3  	0.014	0.063	0.054	0.869	
 417 	  3  	  3  	0.011	0.049	0.032	0.907	
 418 	  3  	  3  	0.017	0.033	0.042	0.908	
 419 	  3  	  3  	0.014	0.045	0.063	0.877	
 420 	  3  	  3  	0.013	0.032	0.044	0.912	
 421 	  3  	  3  	0.017	0.027	0.074	0.882	
 422 	  3  	  3  	0.013	0.057	0.065	0.866	
 423 	  3  	  3  	0.006	0.048	0.023	0.923	
 424 	  3  	  3  	0.014	0.036	0.047	0.903	
 425 	  3  	  3  	0.006	0.055	0.023	0.916	
 426 	  3  	  3  	0.014	0.044	0.056	0.887	
 427 	  3  	  3  	0.011	0.029	0.023	0.937	
 428 	  3  	  3  	0.016	0.040	0.059	0.885	
 429 	  3  	  3  	0.008	0.033	0.034	0.925	
 430 	  3  	  3  	0.014	0.025	0.051	0.910	
 431 	  3  	  3  	0.017	0.010	0.013	0.960	
 432 	  3  	  3  	0.010	0.006	0.006	0.977	
 433 	  3  	  3  	0.010	0.030	0.022	0.938	
 434 	  3  	  3  	0.016	0.030	0.025	0.928	
 435 	  3  	  3  	0.010	0.030	0.022	0.938	
 436 	  3  	  3  	0.016	0.030	0.025	0.928	
 437 	  3  	  3  	0.261	0.042	0.027	0.670	
 438 	  3  	  3  	0.258	0.042	0.027	0.673	
 439 	  3  	  3  	0.010	0.034	0.045	0.912	
 440 	  3  	  3  	0.010	0.053	0.035	0.902	
 441 	  3  	  3  	0.013	0.021	0.066	0.900	
 442 	  3  	  3  	0.009	0.044	0.031	0.915	
 443 	  3  	  3  	0.009	0.043	0.062	0.886	
 444 	  3  	  3  	0.007	0.022	0.058	0.914	
 445 	  3  	  3  	0.024	0.130	0.045	0.801	
 446 	  3  	  3  	0.008	0.051	0.024	0.916	
 447 	  3  	  3  	0.008	0.025	0.044	0.924	
 448 	  3  	  3  	0.015	0.031	0.055	0.899	
 449 	  3  	  3  	0.012	0.038	0.021	0.930	
 450 	  3  	  3  	0.008	0.025	0.044	0.924	
 451 	  3  	  3  	0.015	0.031	0.055	0.899	
 452 	  3  	  3  	0.012	0.038	0.021	0.930	
 453 	  3  	  3  	0.007	0.022	0.058	0.914	
 454 	  3  	  3  	0.024	0.130	0.045	0.801	
 455 	  3  	  3  	0.008	0.051	0.024	0.916	
 456 	  3  	  3  	0.046	0.035	0.046	0.874	
 457 	  3  	  3  	0.030	0.033	0.064	0.874	
 458 	  3  	  3  	0.013	0.035	0.051	0.901	
 459 	  3  	  3  	0.009	0.037	0.011	0.943	
 460 	  3  	  3  	0.007	0.107	0.022	0.863	
 461 	  3  	  3  	0.016	0.021	0.026	0.937	
 462 	  3  	  3  	0.042	0.029	0.041	0.888	
 463 	  3  	  3  	0.013	0.020	0.014	0.953	
 464 	  3  	  3  	0.008	0.068	0.022	0.902	
 465 	  3  	  3  	0.015	0.017	0.016	0.952	
 466 	  3  	  3  	0.029	0.032	0.087	0.853	
 467 	  3  	  3  	0.014	0.034	0.048	0.904	
 468 	  3  	  3  	0.022	0.016	0.022	0.940	
 469 	  3  	  3  	0.026	0.030	0.021	0.922	
 470 	  3  	  3  	0.021	0.046	0.056	0.877	
 471 	  3  	  3  	0.011	0.048	0.028	0.914	
 472 	  3  	  3  	0.010	0.026	0.021	0.943	
 473 	  3  	  3  	0.022	0.034	0.022	0.922	
 474 	  3  	  3  	0.016	0.028	0.027	0.928	
 475 	  3  	  3  	0.029	0.029	0.074	0.868	
 476 	  3  	  3  	0.010	0.030	0.063	0.896	
 477 	  3  	  3  	0.015	0.045	0.027	0.913	
 478 	  3  	  3  	0.012	0.036	0.043	0.909	
 479 	  3  	  3  	0.023	0.026	0.112	0.838	
 480 	  3  	  3  	0.011	0.028	0.046	0.915	
 481 	  3  	  3  	0.016	0.036	0.025	0.922	
 482 	  3  	  3  	0.010	0.055	0.033	0.902	
 483 	  3  	  3  	0.009	0.025	0.059	0.908	
 484 	  3  	  3  	0.012	0.015	0.059	0.914	
 485 	  3  	  3  	0.022	0.040	0.033	0.905	
 486 	  3  	  3  	0.022	0.018	0.064	0.897	
 487 	  3  	  3  	0.012	0.024	0.071	0.893	
 488 	  3  	  3  	0.019	0.039	0.017	0.925	
 489 	  3  	  3  	0.013	0.044	0.040	0.903	
 490 	  3  	  3  	0.013	0.020	0.039	0.928	
 491 	  3  	  3  	0.019	0.016	0.033	0.932	
 492 	  3  	  3  	0.010	0.031	0.017	0.942	
 493 	  3  	  3  	0.112	0.051	0.015	0.823	
 494 	  3  	  3  	0.026	0.019	0.092	0.862	
 495 	  3  	  3  	0.013	0.052	0.036	0.899	
 496 	  3  	  3  	0.017	0.021	0.035	0.928	
 497 	  3  	  3  	0.072	0.039	0.010	0.879	
 498 	  3  	  3  	0.009	0.040	0.042	0.909	
 499 	  3  	  3  	0.019	0.025	0.053	0.903	
 500 	  3  	  3  	0.018	0.059	0.071	0.851	
 501 	  3  	  3  	0.025	0.032	0.035	0.908	
 502 	  3  	  3  	0.011	0.031	0.050	0.909	
 503 	  3  	  3  	0.013	0.047	0.026	0.915	
 504 	  3  	  3  	0.012	0.017	0.054	0.917	
 505 	  3  	  3  	0.011	0.026	0.037	0.926	
 506 	  3  	  3  	0.014	0.043	0.028	0.915	
 507 	  3  	  3  	0.018	0.028	0.039	0.915	
 508 	  3  	  3  	0.021	0.031	0.026	0.922	
 509 	  3  	  3  	0.027	0.020	0.066	0.887	
 510 	  3  	  3  	0.020	0.018	0.058	0.904	
 511 	  3  	  3  	0.012	0.040	0.048	0.900	
 512 	  3  	  3  	0.013	0.016	0.027	0.944	
 513 	  3  	  3  	0.310	0.048	0.026	0.616	
 514 	  3  	  3  	0.012	0.020	0.086	0.882	
 515 	  0  	  3  	0.505	0.067	0.016	0.412	
 516 	  3  	  3  	0.012	0.044	0.038	0.906	
 517 	  3  	  3  	0.013	0.033	0.053	0.901	
 518 	  0  	  3  	0.661	0.032	0.017	0.290	
 519 	  3  	  3  	0.032	0.142	0.039	0.787	
 520 	  3  	  3  	0.017	0.018	0.105	0.860	
 521 	  3  	  3  	0.295	0.083	0.020	0.602	
 522 	  3  	  3  	0.015	0.030	0.045	0.910	
 523 	  3  	  3  	0.012	0.020	0.086	0.882	
 524 	  3  	  3  	0.309	0.091	0.016	0.584	
 525 	  3  	  3  	0.012	0.044	0.038	0.906	
 526 	  3  	  3  	0.011	0.016	0.097	0.877	
 527 	  0  	  3  	0.544	0.080	0.021	0.355	
 528 	  3  	  3  	0.018	0.038	0.051	0.892	
 529 	  3  	  3  	0.011	0.016	0.097	0.877	
 530 	  0  	  3  	0.544	0.080	0.021	0.355	
 531 	  3  	  3  	0.018	0.038	0.051	0.892	
 532 	  3  	  3  	0.019	0.036	0.060	0.885	
 533 	  3  	  3  	0.436	0.053	0.016	0.495	
 534 	  3  	  3  	0.011	0.049	0.027	0.913	
 535 	  3  	  3  	0.018	0.037	0.051	0.894	
 536 	  0  	  3  	0.489	0.035	0.029	0.447	
 537 	  0  	  3  	0.704	0.122	0.027	0.147	
 538 	  3  	  3  	0.018	0.152	0.033	0.796	
 539 	  0  	  0  	0.956	0.020	0.012	0.011	
 540 	  0  	  0  	0.942	0.016	0.019	0.023	
 541 	  0  	  0  	0.936	0.010	0.025	0.029	
 542 	  0  	  0  	0.916	0.016	0.029	0.039	
 543 	  0  	  0  	0.940	0.013	0.018	0.029	
 544 	  0  	  0  	0.956	0.020	0.012	0.011	
 545 	  0  	  0  	0.942	0.016	0.019	0.023	
 546 	  0  	  0  	0.936	0.010	0.025	0.029	
 547 	  0  	  0  	0.921	0.014	0.037	0.028	
 548 	  0  	  0  	0.910	0.025	0.023	0.042	
 549 	  0  	  0  	0.928	0.030	0.015	0.027	
 550 	  0  	  0  	0.887	0.022	0.029	0.062	
 551 	  0  	  0  	0.926	0.036	0.016	0.023	
 552 	  0  	  0  	0.896	0.014	0.052	0.038	
 553 	  0  	  0  	0.953	0.015	0.014	0.018	
 554 	  0  	  0  	0.924	0.024	0.024	0.029	
 555 	  0  	  0  	0.909	0.016	0.045	0.030	
 556 	  0  	  0  	0.780	0.021	0.108	0.091	
 557 	  0  	  0  	0.942	0.017	0.017	0.024	
 558 	  0  	  0  	0.926	0.013	0.039	0.022	
 559 	  0  	  0  	0.815	0.020	0.085	0.080	
 560 	  0  	  0  	0.939	0.025	0.019	0.018	
 561 	  0  	  0  	0.960	0.009	0.016	0.015	
 562 	  0  	  0  	0.959	0.009	0.010	0.023	
 563 	  0  	  0  	0.918	0.022	0.018	0.042	
 564 	  0  	  0  	0.947	0.012	0.016	0.025	
 565 	  0  	  0  	0.902	0.022	0.021	0.056	
 566 	  0  	  0  	0.865	0.017	0.029	0.089	
 567 	  0  	  0  	0.912	0.026	0.017	0.045	
 568 	  0  	  0  	0.867	0.033	0.063	0.037	
 569 	  0  	  0  	0.943	0.013	0.029	0.015	
 570 	  0  	  0  	0.958	0.013	0.009	0.019	
 571 	  0  	  0  	0.859	0.014	0.030	0.097	
 572 	  0  	  0  	0.883	0.025	0.048	0.044	
 573 	  0  	  0  	0.893	0.016	0.052	0.039	
 574 	  0  	  0  	0.950	0.014	0.020	0.017	
 575 	  0  	  0  	0.944	0.023	0.014	0.020	
 576 	  0  	  0  	0.913	0.017	0.037	0.032	
 577 	  0  	  0  	0.963	0.011	0.013	0.013	
 578 	  0  	  0  	0.961	0.012	0.010	0.018	
 579 	  0  	  0  	0.919	0.025	0.032	0.024	
 580 	  0  	  0  	0.911	0.026	0.031	0.031	
 581 	  0  	  0  	0.949	0.013	0.022	0.016	
 582 	  0  	  0  	0.933	0.021	0.024	0.022	
 583 	  0  	  0  	0.931	0.035	0.019	0.015	
 584 	  0  	  0  	0.954	0.013	0.019	0.014	
 585 	  0  	  0  	0.949	0.016	0.016	0.018	
 586 	  0  	  0  	0.918	0.020	0.017	0.044	
 587 	  0  	  0  	0.932	0.018	0.017	0.033	
 588 	  0  	  0  	0.913	0.024	0.020	0.044	
 589 	  0  	  0  	0.882	0.021	0.035	0.062	
 590 	  0  	  0  	0.920	0.016	0.021	0.044	
 591 	  0  	  0  	0.936	0.021	0.025	0.018	
 592 	  0  	  0  	0.914	0.031	0.032	0.023	
 593 	  0  	  0  	0.949	0.017	0.016	0.018	
 594 	  0  	  0  	0.927	0.022	0.028	0.023	
 595 	  0  	  0  	0.945	0.018	0.022	0.016	
 596 	  0  	  0  	0.937	0.016	0.025	0.022	
 597 	  0  	  0  	0.928	0.020	0.030	0.022	
 598 	  0  	  0  	0.933	0.019	0.024	0.024	
 599 	  0  	  0  	0.957	0.015	0.017	0.011	
 600 	  0  	  0  	0.874	0.023	0.051	0.052	
 601 	  0  	  0  	0.798	0.016	0.092	0.094	
 602 	  0  	  0  	0.938	0.019	0.022	0.020	
 603 	  0  	  0  	0.918	0.046	0.015	0.021	
 604 	  0  	  0  	0.939	0.017	0.021	0.023	
 605 	  0  	  0  	0.935	0.014	0.013	0.037	
 606 	  0  	  0  	0.944	0.025	0.016	0.015	
 607 	  0  	  0  	0.894	0.019	0.024	0.063	
 608 	  0  	  0  	0.920	0.019	0.016	0.045	
 609 	  0  	  0  	0.943	0.021	0.017	0.019	
 610 	  0  	  0  	0.946	0.009	0.023	0.022	
 611 	  0  	  0  	0.936	0.015	0.027	0.023	
 612 	  0  	  0  	0.946	0.011	0.022	0.021	
 613 	  0  	  0  	0.952	0.014	0.014	0.019	
 614 	  0  	  0  	0.953	0.014	0.014	0.019	
 615 	  0  	  0  	0.936	0.019	0.020	0.024	
 616 	  0  	  0  	0.910	0.041	0.023	0.026	
 617 	  0  	  0  	0.939	0.018	0.015	0.029	
 618 	  0  	  0  	0.925	0.026	0.016	0.032	
 619 	  0  	  0  	0.950	0.015	0.019	0.016	
 620 	  0  	  0  	0.886	0.021	0.031	0.062	
 621 	  0  	  0  	0.949	0.021	0.012	0.018	
 622 	  0  	  0  	0.957	0.018	0.010	0.015	
 623 	  0  	  0  	0.949	0.023	0.012	0.016	
 624 	  0  	  0  	0.949	0.023	0.013	0.015	
 625 	  0  	  0  	0.951	0.016	0.015	0.018	
 626 	  0  	  0  	0.959	0.011	0.014	0.016	
 627 	  0  	  0  	0.950	0.015	0.016	0.019	
 628 	  0  	  0  	0.947	0.016	0.018	0.019	
 629 	  0  	  0  	0.943	0.017	0.016	0.024	
 630 	  0  	  0  	0.949	0.018	0.019	0.015	
 631 	  0  	  0  	0.899	0.041	0.030	0.030	
 632 	  0  	  0  	0.945	0.025	0.012	0.019	
 633 	  0  	  0  	0.920	0.020	0.019	0.041	
 634 	  0  	  0  	0.945	0.030	0.013	0.011	
 635 	  0  	  0  	0.906	0.026	0.028	0.040	
 636 	  0  	  0  	0.910	0.020	0.021	0.049	
 637 	  0  	  0  	0.950	0.015	0.019	0.015	
 638 	  0  	  0  	0.818	0.025	0.123	0.034	
 639 	  0  	  0  	0.917	0.022	0.035	0.026	
 640 	  0  	  0  	0.937	0.006	0.010	0.046	
 641 	  0  	  0  	0.927	0.023	0.028	0.022	
 642 	  0  	  0  	0.939	0.012	0.026	0.022	
 643 	  0  	  0  	0.881	0.033	0.028	0.058	
 644 	  0  	  0  	0.925	0.021	0.033	0.022	
 645 	  0  	  0  	0.945	0.010	0.027	0.018	
 646 	  0  	  0  	0.897	0.025	0.064	0.014	
 647 	  0  	  0  	0.936	0.024	0.020	0.020	
 648 	  0  	  0  	0.935	0.030	0.015	0.019	
 649 	  0  	  0  	0.885	0.036	0.050	0.029	
 650 	  0  	  0  	0.907	0.047	0.028	0.018	
 651 	  0  	  0  	0.919	0.030	0.030	0.021	
 652 	  0  	  0  	0.923	0.026	0.028	0.023	
 653 	  0  	  0  	0.926	0.021	0.022	0.032	
 654 	  0  	  0  	0.835	0.027	0.068	0.070	
 655 	  0  	  0  	0.919	0.021	0.023	0.036	
 656 	  0  	  0  	0.902	0.036	0.026	0.036	
 657 	  0  	  0  	0.924	0.023	0.026	0.027	
 658 	  0  	  0  	0.927	0.021	0.019	0.033	
 659 	  0  	  0  	0.941	0.025	0.017	0.016	
 660 	  0  	  0  	0.936	0.023	0.016	0.025	
 661 	  0  	  0  	0.947	0.017	0.013	0.023	
 662 	  0  	  0  	0.923	0.038	0.018	0.020	
 663 	  0  	  0  	0.938	0.025	0.016	0.021	
 664 	  0  	  0  	0.951	0.018	0.012	0.018	
 665 	  0  	  0  	0.934	0.019	0.021	0.027	
 666 	  0  	  0  	0.924	0.018	0.031	0.027	
 667 	  0  	  0  	0.947	0.014	0.018	0.021	
 668 	  0  	  0  	0.928	0.017	0.031	0.025	
 669 	  0  	  0  	0.942	0.015	0.022	0.022	
 670 	  0  	  0  	0.944	0.014	0.019	0.023	
 671 	  0  	  0  	0.949	0.014	0.017	0.020	
 672 	  0  	  0  	0.934	0.016	0.027	0.023	
 673 	  0  	  0  	0.923	0.019	0.035	0.024	
 674 	  0  	  0  	0.942	0.017	0.021	0.019	
 675 	  0  	  0  	0.901	0.021	0.034	0.044	
 676 	  0  	  0  	0.910	0.037	0.034	0.019	
 677 	  0  	  0  	0.924	0.021	0.016	0.039	
 678 	  0  	  0  	0.909	0.021	0.018	0.052	
 679 	  0  	  0  	0.924	0.020	0.022	0.035	
 680 	  0  	  0  	0.876	0.032	0.015	0.077	
 681 	  0  	  0  	0.894	0.028	0.046	0.032	
 682 	  0  	  0  	0.908	0.034	0.023	0.035	
 683 	  0  	  0  	0.928	0.021	0.023	0.028	
 684 	  0  	  0  	0.914	0.024	0.028	0.034	
 685 	  0  	  0  	0.925	0.022	0.024	0.030	
 686 	  0  	  0  	0.915	0.029	0.019	0.036	
 687 	  0  	  0  	0.914	0.015	0.024	0.047	
 688 	  0  	  0  	0.917	0.021	0.029	0.033	
 689 	  0  	  0  	0.926	0.021	0.022	0.032	
 690 	  0  	  0  	0.834	0.027	0.065	0.073	
 691 	  0  	  0  	0.919	0.021	0.023	0.036	
 692 	  0  	  0  	0.957	0.018	0.010	0.014	
 693 	  0  	  0  	0.939	0.033	0.013	0.015	
 694 	  0  	  0  	0.935	0.029	0.019	0.017	
 695 	  0  	  0  	0.924	0.031	0.019	0.026	
 696 	  0  	  0  	0.912	0.060	0.011	0.017	
 697 	  0  	  0  	0.939	0.029	0.015	0.017	
 698 	  0  	  0  	0.913	0.031	0.017	0.039	
 699 	  0  	  0  	0.955	0.011	0.013	0.020	
 700 	  0  	  0  	0.930	0.017	0.022	0.031	
 701 	  0  	  0  	0.902	0.036	0.026	0.036	
 702 	  0  	  0  	0.924	0.023	0.026	0.027	
 703 	  0  	  0  	0.927	0.021	0.019	0.033	
 704 	  0  	  0  	0.953	0.014	0.013	0.021	
 705 	  0  	  0  	0.922	0.019	0.032	0.026	
 706 	  0  	  0  	0.913	0.020	0.034	0.034	
 707 	  0  	  0  	0.919	0.020	0.026	0.034	
 708 	  0  	  0  	0.933	0.019	0.024	0.023	
 709 	  0  	  0  	0.919	0.025	0.026	0.030	
 710 	  0  	  0  	0.929	0.017	0.032	0.023	
 711 	  0  	  0  	0.937	0.018	0.025	0.020	
 712 	  0  	  0  	0.953	0.014	0.013	0.021	
 713 	  0  	  0  	0.895	0.048	0.033	0.024	
 714 	  0  	  0  	0.960	0.011	0.011	0.019	
 715 	  0  	  0  	0.914	0.026	0.026	0.034	
 716 	  0  	  0  	0.912	0.027	0.031	0.030	
 717 	  0  	  0  	0.939	0.010	0.026	0.024	
 718 	  0  	  0  	0.950	0.009	0.020	0.021	
 719 	  0  	  0  	0.950	0.009	0.018	0.023	
 720 	  0  	  0  	0.946	0.010	0.025	0.018	
 721 	  0  	  0  	0.936	0.017	0.019	0.028	
 722 	  0  	  0  	0.959	0.009	0.014	0.018	
 723 	  0  	  0  	0.929	0.024	0.017	0.030	
 724 	  0  	  0  	0.972	0.006	0.010	0.012	
 725 	  0  	  0  	0.928	0.036	0.014	0.021	
 726 	  0  	  0  	0.919	0.028	0.015	0.038	
 727 	  0  	  0  	0.943	0.028	0.015	0.014	
 728 	  0  	  0  	0.954	0.022	0.010	0.014	
 729 	  0  	  0  	0.941	0.023	0.021	0.016	
 730 	  0  	  0  	0.959	0.016	0.010	0.014	
 731 	  0  	  0  	0.927	0.019	0.026	0.028	
 732 	  0  	  0  	0.933	0.029	0.015	0.023	
 733 	  0  	  0  	0.945	0.024	0.014	0.017	
 734 	  0  	  0  	0.941	0.027	0.016	0.016	
 735 	  0  	  0  	0.919	0.030	0.017	0.034	
 736 	  0  	  0  	0.903	0.047	0.028	0.023	
 737 	  0  	  0  	0.866	0.055	0.030	0.049	
 738 	  0  	  0  	0.956	0.020	0.012	0.012	
 739 	  0  	  0  	0.871	0.050	0.046	0.033	
 740 	  0  	  0  	0.901	0.036	0.032	0.031	
 741 	  0  	  0  	0.951	0.015	0.012	0.022	
 742 	  0  	  0  	0.920	0.033	0.027	0.019	
 743 	  0  	  0  	0.830	0.042	0.080	0.047	
 744 	  0  	  0  	0.916	0.025	0.027	0.032	
 745 	  0  	  0  	0.926	0.024	0.016	0.035	
 746 	  0  	  0  	0.857	0.038	0.059	0.046	
 747 	  0  	  0  	0.938	0.016	0.024	0.022	
 748 	  0  	  0  	0.921	0.030	0.027	0.022	
 749 	  0  	  0  	0.935	0.018	0.020	0.027	
 750 	  0  	  0  	0.919	0.022	0.025	0.034	
 751 	  0  	  0  	0.967	0.009	0.010	0.015	
 752 	  0  	  0  	0.958	0.012	0.022	0.008	
 753 	  0  	  0  	0.935	0.018	0.020	0.027	
 754 	  0  	  0  	0.943	0.012	0.016	0.029	
 755 	  0  	  0  	0.955	0.020	0.017	0.008	
 756 	  0  	  0  	0.919	0.022	0.025	0.034	
 757 	  0  	  0  	0.952	0.014	0.012	0.022	
 758 	  0  	  0  	0.894	0.049	0.038	0.019	
 759 	  0  	  0  	0.943	0.017	0.015	0.024	
 760 	  0  	  0  	0.963	0.009	0.011	0.017	
 761 	  0  	  0  	0.938	0.020	0.028	0.013	
 762 	  0  	  0  	0.941	0.023	0.017	0.019	
 763 	  0  	  0  	0.932	0.028	0.017	0.024	
 764 	  0  	  0  	0.945	0.021	0.009	0.026	
 765 	  0  	  0  	0.904	0.023	0.045	0.028	
 766 	  0  	  0  	0.941	0.026	0.010	0.023	
 767 	  0  	  0  	0.866	0.029	0.060	0.046	
 768 	  0  	  0  	0.938	0.026	0.011	0.025	
 769 	  0  	  0  	0.930	0.026	0.025	0.019	
 770 	  0  	  0  	0.926	0.038	0.017	0.019	
 771 	  0  	  0  	0.932	0.028	0.017	0.024	
 772 	  0  	  0  	0.921	0.049	0.012	0.018	
 773 	  0  	  0  	0.945	0.021	0.009	0.026	
 774 	  0  	  0  	0.911	0.024	0.036	0.030	
 775 	  0  	  0  	0.900	0.028	0.038	0.033	
 776 	  0  	  0  	0.904	0.023	0.045	0.028	
 777 	  0  	  0  	0.941	0.026	0.010	0.023	
 778 	  0  	  0  	0.884	0.025	0.055	0.036	
 779 	  0  	  0  	0.866	0.029	0.060	0.046	
 780 	  0  	  0  	0.938	0.026	0.011	0.025	
 781 	  0  	  0  	0.934	0.018	0.022	0.026	
 782 	  0  	  0  	0.931	0.020	0.026	0.023	
 783 	  0  	  0  	0.846	0.076	0.021	0.058	
 784 	  0  	  0  	0.947	0.021	0.014	0.019	
 785 	  0  	  0  	0.947	0.017	0.019	0.017	
 786 	  0  	  0  	0.871	0.050	0.024	0.055	
 787 	  0  	  0  	0.823	0.049	0.016	0.111	
 788 	  0  	  0  	0.862	0.028	0.014	0.095	
 789 	  0  	  0  	0.915	0.023	0.030	0.031	
 790 	  0  	  0  	0.905	0.048	0.024	0.024	
 791 	  0  	  0  	0.917	0.033	0.016	0.034	
 792 	  0  	  0  	0.949	0.018	0.014	0.019	
 793 	  0  	  0  	0.916	0.023	0.028	0.032	
 794 	  0  	  0  	0.499	0.046	0.027	0.428	
 795 	  0  	  0  	0.853	0.065	0.040	0.042	
 796 	  0  	  0  	0.953	0.012	0.019	0.016	
 797 	  0  	  0  	0.861	0.018	0.035	0.085	
 798 	  0  	  0  	0.942	0.015	0.017	0.026	
 799 	  0  	  0  	0.846	0.039	0.014	0.101	
 800 	  0  	  0  	0.934	0.021	0.014	0.031	
 801 	  0  	  0  	0.827	0.039	0.015	0.119	
 802 	  0  	  0  	0.959	0.016	0.012	0.013	
 803 	  0  	  0  	0.931	0.015	0.020	0.034	
 804 	  0  	  0  	0.937	0.014	0.021	0.029	
 805 	  0  	  0  	0.924	0.026	0.022	0.028	
 806 	  0  	  0  	0.962	0.013	0.012	0.013	
 807 	  0  	  0  	0.923	0.019	0.023	0.035	
 808 	  0  	  0  	0.913	0.016	0.037	0.034	
 809 	  0  	  0  	0.924	0.029	0.029	0.018	
 810 	  0  	  0  	0.927	0.034	0.017	0.022	
 811 	  0  	  0  	0.914	0.023	0.025	0.038	
 812 	  0  	  0  	0.927	0.022	0.023	0.029	
 813 	  0  	  0  	0.943	0.028	0.014	0.016	
 814 	  0  	  0  	0.957	0.014	0.014	0.014	
 815 	  0  	  0  	0.919	0.015	0.023	0.043	
 816 	  0  	  0  	0.932	0.019	0.029	0.020	
 817 	  0  	  0  	0.945	0.021	0.015	0.019	
 818 	  0  	  0  	0.931	0.021	0.023	0.025	
 819 	  0  	  0  	0.949	0.012	0.022	0.017	
 820 	  0  	  0  	0.919	0.027	0.026	0.028	
 821 	  0  	  0  	0.891	0.024	0.056	0.030	
 822 	  0  	  0  	0.930	0.016	0.029	0.025	
 823 	  0  	  0  	0.944	0.014	0.023	0.019	
 824 	  0  	  0  	0.934	0.017	0.019	0.030	
 825 	  0  	  0  	0.934	0.013	0.022	0.032	
 826 	  0  	  0  	0.908	0.068	0.012	0.012	
 827 	  0  	  0  	0.950	0.021	0.012	0.017	
 828 	  0  	  0  	0.961	0.010	0.017	0.013	
 829 	  0  	  0  	0.948	0.027	0.005	0.020	
 830 	  0  	  0  	0.920	0.014	0.039	0.028	
 831 	  0  	  0  	0.956	0.011	0.017	0.016	
 832 	  0  	  0  	0.928	0.028	0.008	0.035	
 833 	  0  	  0  	0.908	0.028	0.027	0.037	
 834 	  0  	  0  	0.918	0.023	0.024	0.035	
 835 	  0  	  0  	0.925	0.028	0.018	0.030	
 836 	  0  	  0  	0.927	0.020	0.018	0.035	
 837 	  0  	  0  	0.937	0.027	0.014	0.022	
 838 	  0  	  0  	0.884	0.055	0.018	0.043	
 839 	  0  	  0  	0.946	0.019	0.015	0.020	
 840 	  0  	  0  	0.547	0.094	0.018	0.341	
 841 	  0  	  0  	0.957	0.017	0.015	0.012	
 842 	  0  	  0  	0.899	0.048	0.023	0.030	
 843 	  0  	  0  	0.813	0.063	0.089	0.035	
 844 	  0  	  0  	0.707	0.237	0.016	0.040	
 845 	  0  	  0  	0.802	0.056	0.104	0.039	
 846 	  0  	  0  	0.792	0.066	0.095	0.046	
 847 	  1  	  0  	0.328	0.557	0.072	0.043	
 848 	  0  	  0  	0.869	0.030	0.035	0.066	
 849 	  1  	  0  	0.328	0.557	0.072	0.043	
 850 	  0  	  0  	0.868	0.030	0.035	0.067	
 851 	  0  	  0  	0.590	0.281	0.063	0.065	
 852 	  0  	  0  	0.921	0.027	0.023	0.030	
 853 	  0  	  0  	0.692	0.110	0.167	0.030	
 854 	  3  	  0  	0.389	0.049	0.057	0.506	
