  no	pred	real	Good	Contact	Radius	Hole
  0  	  1  	  1  	0.012	0.919	0.034	0.036	
  1  	  1  	  1  	0.013	0.936	0.023	0.028	
  2  	  1  	  1  	0.012	0.908	0.042	0.039	
  3  	  1  	  1  	0.011	0.940	0.024	0.026	
  4  	  1  	  1  	0.012	0.919	0.034	0.036	
  5  	  1  	  1  	0.013	0.936	0.023	0.028	
  6  	  1  	  1  	0.013	0.895	0.053	0.039	
  7  	  1  	  1  	0.012	0.927	0.025	0.036	
  8  	  1  	  1  	0.014	0.922	0.036	0.029	
  9  	  1  	  1  	0.017	0.926	0.029	0.028	
 10  	  1  	  1  	0.008	0.929	0.033	0.029	
 11  	  1  	  1  	0.015	0.907	0.050	0.028	
 12  	  1  	  1  	0.011	0.860	0.081	0.048	
 13  	  1  	  1  	0.015	0.927	0.026	0.033	
 14  	  1  	  1  	0.010	0.920	0.036	0.034	
 15  	  1  	  1  	0.017	0.878	0.063	0.042	
 16  	  1  	  1  	0.016	0.882	0.070	0.032	
 17  	  1  	  1  	0.012	0.925	0.031	0.032	
 18  	  1  	  1  	0.020	0.928	0.019	0.034	
 19  	  1  	  1  	0.014	0.928	0.028	0.030	
 20  	  1  	  1  	0.012	0.937	0.022	0.029	
 21  	  1  	  1  	0.011	0.922	0.030	0.037	
 22  	  1  	  1  	0.015	0.937	0.020	0.028	
 23  	  1  	  1  	0.010	0.946	0.020	0.023	
 24  	  1  	  1  	0.017	0.875	0.060	0.047	
 25  	  1  	  1  	0.015	0.917	0.026	0.043	
 26  	  1  	  1  	0.019	0.918	0.024	0.040	
 27  	  1  	  1  	0.019	0.893	0.034	0.054	
 28  	  1  	  1  	0.017	0.914	0.035	0.034	
 29  	  1  	  1  	0.021	0.912	0.028	0.039	
 30  	  1  	  1  	0.016	0.892	0.043	0.049	
 31  	  1  	  1  	0.016	0.910	0.035	0.040	
 32  	  1  	  1  	0.016	0.915	0.024	0.044	
 33  	  1  	  1  	0.015	0.902	0.031	0.052	
 34  	  1  	  1  	0.014	0.927	0.026	0.033	
 35  	  1  	  1  	0.019	0.915	0.028	0.038	
 36  	  1  	  1  	0.018	0.904	0.028	0.049	
 37  	  1  	  1  	0.012	0.935	0.024	0.030	
 38  	  1  	  1  	0.015	0.904	0.044	0.037	
 39  	  1  	  1  	0.015	0.921	0.031	0.033	
 40  	  1  	  1  	0.018	0.910	0.036	0.036	
 41  	  1  	  1  	0.009	0.941	0.025	0.025	
 42  	  1  	  1  	0.012	0.934	0.024	0.030	
 43  	  1  	  1  	0.015	0.921	0.031	0.033	
 44  	  1  	  1  	0.018	0.910	0.036	0.036	
 45  	  1  	  1  	0.009	0.941	0.025	0.025	
 46  	  1  	  1  	0.012	0.932	0.024	0.032	
 47  	  1  	  1  	0.014	0.926	0.026	0.034	
 48  	  1  	  1  	0.016	0.913	0.035	0.037	
 49  	  1  	  1  	0.012	0.932	0.031	0.026	
 50  	  1  	  1  	0.012	0.918	0.037	0.034	
 51  	  1  	  1  	0.013	0.924	0.033	0.031	
 52  	  1  	  1  	0.013	0.936	0.020	0.031	
 53  	  1  	  1  	0.023	0.921	0.024	0.031	
 54  	  1  	  1  	0.013	0.924	0.033	0.031	
 55  	  1  	  1  	0.013	0.936	0.020	0.031	
 56  	  1  	  1  	0.023	0.921	0.024	0.031	
 57  	  1  	  1  	0.011	0.932	0.027	0.030	
 58  	  1  	  1  	0.013	0.921	0.029	0.037	
 59  	  1  	  1  	0.017	0.914	0.035	0.034	
 60  	  1  	  1  	0.023	0.926	0.026	0.025	
 61  	  1  	  1  	0.020	0.826	0.043	0.112	
 62  	  1  	  1  	0.013	0.916	0.044	0.027	
 63  	  1  	  1  	0.010	0.937	0.030	0.022	
 64  	  1  	  1  	0.020	0.826	0.043	0.112	
 65  	  1  	  1  	0.011	0.918	0.032	0.038	
 66  	  1  	  1  	0.016	0.922	0.036	0.026	
 67  	  1  	  1  	0.015	0.866	0.052	0.066	
 68  	  1  	  1  	0.015	0.929	0.028	0.028	
 69  	  1  	  1  	0.017	0.824	0.099	0.059	
 70  	  1  	  1  	0.017	0.875	0.060	0.048	
 71  	  1  	  1  	0.016	0.892	0.054	0.038	
 72  	  1  	  1  	0.010	0.940	0.024	0.026	
 73  	  1  	  1  	0.018	0.770	0.146	0.065	
 74  	  1  	  1  	0.010	0.935	0.023	0.032	
 75  	  1  	  1  	0.016	0.838	0.083	0.064	
 76  	  1  	  1  	0.010	0.940	0.024	0.026	
 77  	  1  	  1  	0.010	0.935	0.023	0.032	
 78  	  1  	  1  	0.011	0.922	0.033	0.034	
 79  	  1  	  1  	0.013	0.924	0.032	0.032	
 80  	  1  	  1  	0.014	0.931	0.028	0.027	
 81  	  1  	  1  	0.011	0.916	0.034	0.039	
 82  	  1  	  1  	0.014	0.897	0.042	0.046	
 83  	  1  	  1  	0.014	0.933	0.023	0.030	
 84  	  1  	  1  	0.014	0.899	0.047	0.041	
 85  	  1  	  1  	0.013	0.928	0.029	0.030	
 86  	  1  	  1  	0.014	0.890	0.043	0.052	
 87  	  1  	  1  	0.013	0.926	0.031	0.030	
 88  	  1  	  1  	0.015	0.893	0.052	0.040	
 89  	  1  	  1  	0.014	0.930	0.027	0.029	
 90  	  1  	  1  	0.012	0.918	0.036	0.034	
 91  	  1  	  1  	0.015	0.896	0.055	0.034	
 92  	  1  	  1  	0.012	0.919	0.034	0.035	
 93  	  1  	  1  	0.015	0.932	0.027	0.026	
 94  	  1  	  1  	0.012	0.914	0.038	0.035	
 95  	  1  	  1  	0.012	0.916	0.035	0.037	
 96  	  1  	  1  	0.011	0.924	0.033	0.031	
 97  	  1  	  1  	0.029	0.920	0.020	0.031	
 98  	  1  	  1  	0.010	0.926	0.030	0.033	
 99  	  1  	  1  	0.013	0.927	0.025	0.035	
 100 	  1  	  1  	0.013	0.941	0.024	0.022	
 101 	  1  	  1  	0.027	0.895	0.025	0.053	
 102 	  1  	  1  	0.016	0.930	0.023	0.031	
 103 	  1  	  1  	0.008	0.934	0.029	0.028	
 104 	  1  	  1  	0.012	0.903	0.048	0.037	
 105 	  1  	  1  	0.012	0.933	0.024	0.031	
 106 	  1  	  1  	0.012	0.904	0.044	0.041	
 107 	  1  	  1  	0.011	0.923	0.030	0.036	
 108 	  1  	  1  	0.010	0.925	0.031	0.033	
 109 	  1  	  1  	0.013	0.918	0.036	0.033	
 110 	  1  	  1  	0.014	0.912	0.041	0.033	
 111 	  1  	  1  	0.014	0.932	0.020	0.034	
 112 	  1  	  1  	0.014	0.941	0.022	0.023	
 113 	  1  	  1  	0.030	0.595	0.296	0.079	
 114 	  1  	  1  	0.013	0.872	0.075	0.040	
 115 	  1  	  1  	0.008	0.943	0.028	0.021	
 116 	  1  	  1  	0.013	0.903	0.021	0.064	
 117 	  1  	  1  	0.012	0.918	0.033	0.037	
 118 	  1  	  1  	0.017	0.920	0.029	0.033	
 119 	  1  	  1  	0.012	0.902	0.040	0.046	
 120 	  1  	  1  	0.014	0.916	0.034	0.037	
 121 	  1  	  1  	0.018	0.916	0.037	0.029	
 122 	  1  	  1  	0.018	0.920	0.030	0.032	
 123 	  1  	  1  	0.012	0.907	0.033	0.048	
 124 	  1  	  1  	0.016	0.908	0.035	0.041	
 125 	  1  	  1  	0.016	0.869	0.084	0.031	
 126 	  1  	  1  	0.017	0.875	0.059	0.050	
 127 	  1  	  1  	0.012	0.936	0.022	0.029	
 128 	  1  	  1  	0.017	0.905	0.038	0.040	
 129 	  1  	  1  	0.018	0.931	0.022	0.029	
 130 	  1  	  1  	0.013	0.918	0.032	0.038	
 131 	  1  	  1  	0.010	0.937	0.027	0.025	
 132 	  1  	  1  	0.014	0.940	0.019	0.027	
 133 	  1  	  1  	0.013	0.918	0.036	0.033	
 134 	  1  	  1  	0.015	0.881	0.068	0.037	
 135 	  1  	  1  	0.012	0.933	0.023	0.032	
 136 	  1  	  1  	0.026	0.925	0.019	0.030	
 137 	  1  	  1  	0.010	0.936	0.024	0.030	
 138 	  1  	  1  	0.020	0.805	0.110	0.065	
 139 	  1  	  1  	0.019	0.811	0.103	0.067	
 140 	  1  	  1  	0.012	0.894	0.041	0.053	
 141 	  1  	  1  	0.014	0.851	0.058	0.077	
 142 	  1  	  1  	0.222	0.449	0.156	0.173	
 143 	  3  	  1  	0.202	0.202	0.036	0.559	
 144 	  1  	  1  	0.064	0.773	0.060	0.102	
 145 	  1  	  1  	0.098	0.579	0.174	0.150	
 146 	  2  	  2  	0.015	0.036	0.909	0.040	
 147 	  2  	  2  	0.017	0.024	0.930	0.029	
 148 	  2  	  2  	0.019	0.025	0.912	0.044	
 149 	  2  	  2  	0.018	0.031	0.908	0.043	
 150 	  2  	  2  	0.014	0.029	0.928	0.028	
 151 	  2  	  2  	0.022	0.022	0.870	0.086	
 152 	  2  	  2  	0.018	0.043	0.902	0.037	
 153 	  2  	  2  	0.020	0.049	0.902	0.029	
 154 	  2  	  2  	0.021	0.064	0.868	0.046	
 155 	  2  	  2  	0.018	0.033	0.921	0.028	
 156 	  2  	  2  	0.021	0.021	0.904	0.054	
 157 	  2  	  2  	0.016	0.029	0.922	0.033	
 158 	  2  	  2  	0.016	0.030	0.918	0.037	
 159 	  2  	  2  	0.021	0.035	0.902	0.041	
 160 	  2  	  2  	0.020	0.055	0.880	0.045	
 161 	  2  	  2  	0.017	0.028	0.924	0.031	
 162 	  2  	  2  	0.019	0.039	0.908	0.034	
 163 	  2  	  2  	0.020	0.064	0.863	0.053	
 164 	  2  	  2  	0.015	0.044	0.900	0.041	
 165 	  2  	  2  	0.013	0.031	0.922	0.034	
 166 	  2  	  2  	0.013	0.042	0.911	0.034	
 167 	  2  	  2  	0.017	0.038	0.916	0.029	
 168 	  2  	  2  	0.023	0.022	0.913	0.043	
 169 	  2  	  2  	0.016	0.027	0.920	0.037	
 170 	  2  	  2  	0.019	0.046	0.886	0.049	
 171 	  2  	  2  	0.017	0.033	0.914	0.035	
 172 	  2  	  2  	0.024	0.034	0.884	0.058	
 173 	  2  	  2  	0.017	0.032	0.918	0.033	
 174 	  2  	  2  	0.020	0.031	0.900	0.049	
 175 	  2  	  2  	0.020	0.036	0.872	0.072	
 176 	  2  	  2  	0.017	0.029	0.924	0.030	
 177 	  2  	  2  	0.016	0.035	0.906	0.043	
 178 	  2  	  2  	0.018	0.030	0.920	0.032	
 179 	  2  	  2  	0.017	0.028	0.915	0.039	
 180 	  2  	  2  	0.014	0.027	0.932	0.027	
 181 	  2  	  2  	0.017	0.029	0.924	0.030	
 182 	  2  	  2  	0.016	0.031	0.913	0.040	
 183 	  2  	  2  	0.017	0.032	0.917	0.034	
 184 	  2  	  2  	0.024	0.030	0.876	0.070	
 185 	  2  	  2  	0.014	0.052	0.886	0.048	
 186 	  2  	  2  	0.023	0.046	0.900	0.032	
 187 	  2  	  2  	0.017	0.033	0.903	0.047	
 188 	  2  	  2  	0.020	0.033	0.902	0.045	
 189 	  2  	  2  	0.015	0.031	0.925	0.028	
 190 	  2  	  2  	0.016	0.039	0.916	0.028	
 191 	  2  	  2  	0.017	0.031	0.917	0.036	
 192 	  2  	  2  	0.019	0.044	0.901	0.036	
 193 	  2  	  2  	0.017	0.031	0.904	0.048	
 194 	  2  	  2  	0.014	0.042	0.920	0.024	
 195 	  2  	  2  	0.017	0.043	0.898	0.042	
 196 	  2  	  2  	0.013	0.025	0.933	0.029	
 197 	  2  	  2  	0.013	0.027	0.929	0.031	
 198 	  2  	  2  	0.017	0.028	0.921	0.033	
 199 	  2  	  2  	0.015	0.026	0.928	0.032	
 200 	  2  	  2  	0.013	0.041	0.913	0.033	
 201 	  2  	  2  	0.015	0.025	0.931	0.029	
 202 	  2  	  2  	0.014	0.033	0.921	0.033	
 203 	  2  	  2  	0.013	0.041	0.913	0.033	
 204 	  2  	  2  	0.012	0.035	0.921	0.032	
 205 	  2  	  2  	0.016	0.025	0.923	0.036	
 206 	  2  	  2  	0.014	0.034	0.911	0.041	
 207 	  2  	  2  	0.015	0.027	0.928	0.030	
 208 	  2  	  2  	0.017	0.030	0.921	0.031	
 209 	  2  	  2  	0.018	0.033	0.902	0.047	
 210 	  2  	  2  	0.023	0.032	0.883	0.062	
 211 	  2  	  2  	0.020	0.027	0.922	0.031	
 212 	  2  	  2  	0.017	0.037	0.910	0.036	
 213 	  2  	  2  	0.019	0.028	0.920	0.033	
 214 	  2  	  2  	0.020	0.046	0.902	0.032	
 215 	  2  	  2  	0.021	0.030	0.907	0.042	
 216 	  2  	  2  	0.020	0.029	0.909	0.042	
 217 	  2  	  2  	0.021	0.030	0.907	0.042	
 218 	  2  	  2  	0.020	0.029	0.909	0.042	
 219 	  2  	  2  	0.022	0.037	0.905	0.035	
 220 	  2  	  2  	0.016	0.041	0.907	0.035	
 221 	  2  	  2  	0.014	0.030	0.927	0.029	
 222 	  2  	  2  	0.021	0.047	0.893	0.040	
 223 	  2  	  2  	0.016	0.033	0.923	0.028	
 224 	  2  	  2  	0.016	0.041	0.907	0.035	
 225 	  2  	  2  	0.021	0.047	0.893	0.040	
 226 	  2  	  2  	0.020	0.035	0.901	0.043	
 227 	  2  	  2  	0.016	0.038	0.909	0.037	
 228 	  2  	  2  	0.013	0.044	0.894	0.049	
 229 	  2  	  2  	0.018	0.032	0.910	0.040	
 230 	  2  	  2  	0.012	0.040	0.898	0.050	
 231 	  2  	  2  	0.012	0.040	0.898	0.050	
 232 	  2  	  2  	0.013	0.044	0.894	0.049	
 233 	  2  	  2  	0.016	0.035	0.908	0.040	
 234 	  2  	  2  	0.025	0.065	0.880	0.029	
 235 	  2  	  2  	0.015	0.032	0.913	0.040	
 236 	  2  	  2  	0.017	0.054	0.905	0.023	
 237 	  2  	  2  	0.020	0.035	0.901	0.044	
 238 	  2  	  2  	0.017	0.024	0.926	0.032	
 239 	  2  	  2  	0.017	0.055	0.882	0.046	
 240 	  2  	  2  	0.018	0.020	0.927	0.035	
 241 	  2  	  2  	0.021	0.027	0.911	0.041	
 242 	  2  	  2  	0.018	0.029	0.912	0.042	
 243 	  2  	  2  	0.022	0.025	0.907	0.046	
 244 	  2  	  2  	0.017	0.031	0.923	0.028	
 245 	  2  	  2  	0.014	0.029	0.926	0.031	
 246 	  2  	  2  	0.016	0.024	0.925	0.035	
 247 	  2  	  2  	0.015	0.047	0.903	0.035	
 248 	  2  	  2  	0.015	0.034	0.916	0.035	
 249 	  2  	  2  	0.018	0.027	0.917	0.038	
 250 	  2  	  2  	0.016	0.035	0.918	0.031	
 251 	  2  	  2  	0.017	0.024	0.930	0.029	
 252 	  2  	  2  	0.019	0.027	0.913	0.042	
 253 	  2  	  2  	0.019	0.033	0.910	0.038	
 254 	  2  	  2  	0.018	0.032	0.920	0.030	
 255 	  2  	  2  	0.014	0.039	0.909	0.038	
 256 	  2  	  2  	0.018	0.027	0.908	0.047	
 257 	  2  	  2  	0.021	0.029	0.910	0.040	
 258 	  2  	  2  	0.018	0.033	0.911	0.037	
 259 	  2  	  2  	0.017	0.038	0.901	0.045	
 260 	  2  	  2  	0.016	0.030	0.928	0.027	
 261 	  3  	  3  	0.053	0.047	0.047	0.854	
 262 	  3  	  3  	0.050	0.049	0.046	0.855	
 263 	  3  	  3  	0.015	0.040	0.022	0.923	
 264 	  3  	  3  	0.018	0.064	0.041	0.877	
 265 	  3  	  3  	0.015	0.034	0.026	0.925	
 266 	  3  	  3  	0.014	0.047	0.026	0.913	
 267 	  3  	  3  	0.022	0.042	0.023	0.913	
 268 	  3  	  3  	0.016	0.033	0.037	0.914	
 269 	  3  	  3  	0.014	0.038	0.025	0.923	
 270 	  3  	  3  	0.015	0.043	0.047	0.896	
 271 	  3  	  3  	0.014	0.032	0.032	0.922	
 272 	  3  	  3  	0.014	0.034	0.028	0.924	
 273 	  3  	  3  	0.008	0.052	0.025	0.914	
 274 	  3  	  3  	0.015	0.025	0.034	0.926	
 275 	  3  	  3  	0.015	0.030	0.032	0.923	
 276 	  3  	  3  	0.011	0.064	0.037	0.888	
 277 	  3  	  3  	0.015	0.046	0.030	0.908	
 278 	  3  	  3  	0.015	0.035	0.028	0.922	
 279 	  3  	  3  	0.015	0.043	0.047	0.895	
 280 	  3  	  3  	0.015	0.024	0.040	0.921	
 281 	  3  	  3  	0.014	0.031	0.027	0.928	
 282 	  3  	  3  	0.010	0.058	0.029	0.903	
 283 	  3  	  3  	0.026	0.056	0.026	0.893	
 284 	  3  	  3  	0.015	0.025	0.031	0.930	
 285 	  3  	  3  	0.017	0.032	0.043	0.908	
 286 	  3  	  3  	0.015	0.038	0.028	0.919	
 287 	  0  	  3  	0.690	0.031	0.028	0.251	
 288 	  3  	  3  	0.024	0.021	0.047	0.908	
 289 	  3  	  3  	0.017	0.026	0.045	0.912	
 290 	  3  	  3  	0.014	0.041	0.040	0.906	
 291 	  3  	  3  	0.017	0.019	0.025	0.938	
 292 	  3  	  3  	0.015	0.019	0.027	0.939	
 293 	  3  	  3  	0.018	0.019	0.029	0.933	
 294 	  3  	  3  	0.020	0.022	0.060	0.898	
 295 	  3  	  3  	0.021	0.044	0.039	0.897	
 296 	  3  	  3  	0.014	0.034	0.038	0.914	
 297 	  3  	  3  	0.016	0.032	0.036	0.916	
 298 	  3  	  3  	0.020	0.025	0.027	0.928	
 299 	  3  	  3  	0.025	0.042	0.072	0.861	
 300 	  3  	  3  	0.017	0.057	0.028	0.899	
 301 	  3  	  3  	0.020	0.040	0.029	0.911	
 302 	  3  	  3  	0.022	0.028	0.032	0.918	
 303 	  3  	  3  	0.020	0.039	0.035	0.906	
 304 	  3  	  3  	0.018	0.026	0.028	0.928	
 305 	  3  	  3  	0.016	0.029	0.035	0.920	
 306 	  3  	  3  	0.022	0.025	0.027	0.927	
 307 	  3  	  3  	0.019	0.040	0.036	0.906	
 308 	  3  	  3  	0.016	0.029	0.032	0.923	
 309 	  3  	  3  	0.016	0.034	0.038	0.913	
 310 	  3  	  3  	0.018	0.019	0.040	0.923	
 311 	  3  	  3  	0.023	0.051	0.053	0.873	
 312 	  3  	  3  	0.016	0.019	0.036	0.929	
 313 	  3  	  3  	0.020	0.037	0.027	0.916	
 314 	  3  	  3  	0.019	0.024	0.040	0.918	
 315 	  3  	  3  	0.021	0.017	0.027	0.935	
 316 	  3  	  3  	0.018	0.021	0.041	0.920	
 317 	  3  	  3  	0.020	0.033	0.040	0.906	
 318 	  3  	  3  	0.016	0.063	0.024	0.897	
 319 	  3  	  3  	0.012	0.072	0.038	0.878	
 320 	  3  	  3  	0.019	0.025	0.031	0.926	
 321 	  3  	  3  	0.022	0.023	0.034	0.922	
 322 	  3  	  3  	0.015	0.020	0.037	0.928	
 323 	  3  	  3  	0.088	0.037	0.047	0.828	
 324 	  3  	  3  	0.016	0.015	0.025	0.943	
 325 	  3  	  3  	0.023	0.030	0.045	0.901	
 326 	  3  	  3  	0.014	0.023	0.030	0.933	
 327 	  3  	  3  	0.010	0.055	0.038	0.897	
 328 	  3  	  3  	0.018	0.019	0.028	0.935	
 329 	  3  	  3  	0.024	0.021	0.038	0.916	
 330 	  3  	  3  	0.013	0.043	0.018	0.926	
 331 	  3  	  3  	0.017	0.046	0.037	0.899	
 332 	  3  	  3  	0.018	0.024	0.039	0.919	
 333 	  3  	  3  	0.021	0.017	0.038	0.924	
 334 	  3  	  3  	0.018	0.025	0.030	0.926	
 335 	  3  	  3  	0.013	0.061	0.035	0.891	
 336 	  3  	  3  	0.019	0.021	0.037	0.923	
 337 	  3  	  3  	0.020	0.045	0.031	0.903	
 338 	  3  	  3  	0.016	0.024	0.053	0.907	
 339 	  3  	  3  	0.013	0.041	0.045	0.901	
 340 	  3  	  3  	0.021	0.022	0.035	0.923	
 341 	  3  	  3  	0.026	0.025	0.048	0.901	
 342 	  3  	  3  	0.012	0.034	0.021	0.932	
 343 	  3  	  3  	0.008	0.077	0.031	0.884	
 344 	  3  	  3  	0.025	0.025	0.038	0.911	
 345 	  3  	  3  	0.021	0.036	0.024	0.919	
 346 	  3  	  3  	0.016	0.026	0.028	0.931	
 347 	  3  	  3  	0.023	0.024	0.047	0.905	
 348 	  3  	  3  	0.020	0.039	0.024	0.916	
 349 	  3  	  3  	0.010	0.060	0.032	0.898	
 350 	  3  	  3  	0.015	0.026	0.047	0.912	
 351 	  3  	  3  	0.016	0.031	0.047	0.907	
 352 	  3  	  3  	0.020	0.050	0.032	0.898	
 353 	  3  	  3  	0.021	0.046	0.031	0.903	
 354 	  3  	  3  	0.014	0.040	0.030	0.916	
 355 	  3  	  3  	0.020	0.047	0.033	0.899	
 356 	  3  	  3  	0.026	0.046	0.035	0.894	
 357 	  3  	  3  	0.018	0.053	0.030	0.900	
 358 	  3  	  3  	0.011	0.059	0.032	0.898	
 359 	  3  	  3  	0.016	0.037	0.025	0.922	
 360 	  3  	  3  	0.019	0.035	0.032	0.914	
 361 	  3  	  3  	0.023	0.032	0.030	0.915	
 362 	  3  	  3  	0.019	0.036	0.030	0.914	
 363 	  3  	  3  	0.019	0.036	0.030	0.915	
 364 	  3  	  3  	0.023	0.037	0.031	0.908	
 365 	  3  	  3  	0.024	0.034	0.034	0.908	
 366 	  3  	  3  	0.017	0.036	0.042	0.906	
 367 	  3  	  3  	0.015	0.034	0.039	0.912	
 368 	  3  	  3  	0.039	0.022	0.038	0.901	
 369 	  3  	  3  	0.019	0.035	0.040	0.906	
 370 	  3  	  3  	0.024	0.034	0.034	0.908	
 371 	  3  	  3  	0.017	0.036	0.042	0.906	
 372 	  3  	  3  	0.019	0.036	0.030	0.914	
 373 	  3  	  3  	0.019	0.036	0.030	0.915	
 374 	  3  	  3  	0.023	0.037	0.031	0.908	
 375 	  3  	  3  	0.015	0.047	0.041	0.897	
 376 	  3  	  3  	0.016	0.032	0.041	0.912	
 377 	  3  	  3  	0.015	0.042	0.035	0.907	
 378 	  3  	  3  	0.028	0.028	0.031	0.913	
 379 	  3  	  3  	0.017	0.031	0.033	0.918	
 380 	  3  	  3  	0.016	0.032	0.042	0.909	
 381 	  3  	  3  	0.036	0.034	0.033	0.898	
 382 	  3  	  3  	0.021	0.047	0.028	0.904	
 383 	  3  	  3  	0.020	0.044	0.026	0.910	
 384 	  3  	  3  	0.018	0.056	0.032	0.894	
 385 	  3  	  3  	0.020	0.050	0.032	0.898	
 386 	  3  	  3  	0.021	0.046	0.031	0.903	
 387 	  3  	  3  	0.014	0.040	0.030	0.916	
 388 	  3  	  3  	0.020	0.054	0.027	0.899	
 389 	  3  	  3  	0.019	0.045	0.028	0.908	
 390 	  3  	  3  	0.015	0.037	0.037	0.911	
 391 	  3  	  3  	0.022	0.046	0.032	0.899	
 392 	  3  	  3  	0.020	0.036	0.026	0.918	
 393 	  3  	  3  	0.014	0.044	0.032	0.911	
 394 	  3  	  3  	0.017	0.052	0.026	0.905	
 395 	  3  	  3  	0.018	0.050	0.028	0.904	
 396 	  3  	  3  	0.020	0.085	0.042	0.854	
 397 	  3  	  3  	0.020	0.053	0.027	0.900	
 398 	  3  	  3  	0.020	0.036	0.026	0.919	
 399 	  3  	  3  	0.019	0.081	0.042	0.858	
 400 	  3  	  3  	0.018	0.049	0.028	0.905	
 401 	  3  	  3  	0.018	0.036	0.028	0.918	
 402 	  3  	  3  	0.016	0.052	0.043	0.888	
 403 	  3  	  3  	0.020	0.047	0.033	0.899	
 404 	  3  	  3  	0.026	0.046	0.035	0.894	
 405 	  3  	  3  	0.018	0.053	0.030	0.900	
 406 	  3  	  3  	0.139	0.052	0.039	0.770	
 407 	  3  	  3  	0.107	0.049	0.035	0.808	
 408 	  3  	  3  	0.139	0.052	0.039	0.770	
 409 	  3  	  3  	0.022	0.045	0.023	0.909	
 410 	  3  	  3  	0.108	0.049	0.035	0.808	
 411 	  3  	  3  	0.019	0.030	0.037	0.914	
 412 	  3  	  3  	0.019	0.036	0.030	0.915	
 413 	  3  	  3  	0.018	0.036	0.034	0.912	
 414 	  3  	  3  	0.021	0.031	0.035	0.913	
 415 	  3  	  3  	0.020	0.035	0.028	0.917	
 416 	  3  	  3  	0.015	0.040	0.041	0.904	
 417 	  3  	  3  	0.027	0.036	0.030	0.907	
 418 	  3  	  3  	0.017	0.035	0.038	0.911	
 419 	  3  	  3  	0.016	0.049	0.039	0.896	
 420 	  3  	  3  	0.020	0.033	0.036	0.911	
 421 	  3  	  3  	0.022	0.031	0.043	0.904	
 422 	  3  	  3  	0.012	0.042	0.043	0.903	
 423 	  3  	  3  	0.014	0.033	0.028	0.925	
 424 	  3  	  3  	0.012	0.039	0.027	0.922	
 425 	  3  	  3  	0.014	0.032	0.027	0.927	
 426 	  3  	  3  	0.018	0.040	0.030	0.912	
 427 	  3  	  3  	0.015	0.031	0.026	0.928	
 428 	  3  	  3  	0.022	0.033	0.040	0.905	
 429 	  3  	  3  	0.016	0.047	0.019	0.918	
 430 	  3  	  3  	0.015	0.037	0.026	0.923	
 431 	  3  	  3  	0.008	0.036	0.027	0.928	
 432 	  3  	  3  	0.028	0.042	0.036	0.894	
 433 	  3  	  3  	0.027	0.045	0.037	0.892	
 434 	  3  	  3  	0.031	0.041	0.035	0.893	
 435 	  3  	  3  	0.027	0.045	0.037	0.892	
 436 	  3  	  3  	0.031	0.041	0.035	0.893	
 437 	  3  	  3  	0.177	0.063	0.038	0.721	
 438 	  3  	  3  	0.193	0.065	0.031	0.712	
 439 	  3  	  3  	0.020	0.042	0.030	0.908	
 440 	  3  	  3  	0.017	0.058	0.027	0.899	
 441 	  3  	  3  	0.023	0.052	0.025	0.900	
 442 	  3  	  3  	0.022	0.038	0.028	0.913	
 443 	  3  	  3  	0.017	0.040	0.029	0.913	
 444 	  3  	  3  	0.015	0.031	0.036	0.918	
 445 	  3  	  3  	0.019	0.045	0.029	0.907	
 446 	  3  	  3  	0.015	0.050	0.026	0.909	
 447 	  3  	  3  	0.014	0.036	0.033	0.917	
 448 	  3  	  3  	0.029	0.044	0.033	0.894	
 449 	  3  	  3  	0.014	0.051	0.028	0.908	
 450 	  3  	  3  	0.014	0.036	0.033	0.917	
 451 	  3  	  3  	0.029	0.044	0.033	0.894	
 452 	  3  	  3  	0.014	0.051	0.028	0.908	
 453 	  3  	  3  	0.015	0.031	0.036	0.918	
 454 	  3  	  3  	0.019	0.045	0.029	0.907	
 455 	  3  	  3  	0.015	0.050	0.026	0.909	
 456 	  3  	  3  	0.021	0.036	0.039	0.904	
 457 	  3  	  3  	0.021	0.039	0.037	0.903	
 458 	  3  	  3  	0.033	0.043	0.035	0.890	
 459 	  3  	  3  	0.019	0.023	0.023	0.934	
 460 	  3  	  3  	0.014	0.042	0.023	0.921	
 461 	  3  	  3  	0.013	0.047	0.030	0.910	
 462 	  3  	  3  	0.036	0.038	0.046	0.881	
 463 	  3  	  3  	0.021	0.023	0.026	0.929	
 464 	  3  	  3  	0.014	0.033	0.026	0.927	
 465 	  3  	  3  	0.021	0.048	0.033	0.898	
 466 	  3  	  3  	0.020	0.024	0.038	0.918	
 467 	  3  	  3  	0.021	0.025	0.041	0.913	
 468 	  3  	  3  	0.016	0.028	0.039	0.917	
 469 	  3  	  3  	0.022	0.025	0.037	0.916	
 470 	  3  	  3  	0.017	0.030	0.036	0.916	
 471 	  3  	  3  	0.012	0.077	0.029	0.882	
 472 	  3  	  3  	0.027	0.025	0.031	0.916	
 473 	  3  	  3  	0.022	0.021	0.047	0.910	
 474 	  3  	  3  	0.014	0.035	0.041	0.909	
 475 	  3  	  3  	0.018	0.028	0.029	0.926	
 476 	  3  	  3  	0.024	0.027	0.038	0.911	
 477 	  3  	  3  	0.020	0.029	0.037	0.914	
 478 	  3  	  3  	0.014	0.034	0.029	0.923	
 479 	  3  	  3  	0.020	0.023	0.043	0.914	
 480 	  3  	  3  	0.024	0.030	0.054	0.892	
 481 	  3  	  3  	0.015	0.027	0.031	0.927	
 482 	  3  	  3  	0.018	0.044	0.035	0.903	
 483 	  3  	  3  	0.018	0.029	0.029	0.924	
 484 	  3  	  3  	0.014	0.032	0.040	0.913	
 485 	  3  	  3  	0.030	0.059	0.027	0.884	
 486 	  3  	  3  	0.020	0.018	0.045	0.917	
 487 	  3  	  3  	0.020	0.032	0.028	0.920	
 488 	  3  	  3  	0.017	0.027	0.036	0.920	
 489 	  3  	  3  	0.016	0.041	0.038	0.905	
 490 	  3  	  3  	0.022	0.026	0.057	0.895	
 491 	  3  	  3  	0.021	0.024	0.029	0.926	
 492 	  3  	  3  	0.014	0.028	0.032	0.926	
 493 	  3  	  3  	0.131	0.035	0.042	0.793	
 494 	  3  	  3  	0.022	0.023	0.030	0.926	
 495 	  3  	  3  	0.024	0.031	0.058	0.887	
 496 	  3  	  3  	0.013	0.028	0.025	0.934	
 497 	  3  	  3  	0.082	0.031	0.026	0.860	
 498 	  3  	  3  	0.017	0.044	0.035	0.904	
 499 	  3  	  3  	0.017	0.032	0.034	0.917	
 500 	  3  	  3  	0.032	0.041	0.039	0.887	
 501 	  3  	  3  	0.019	0.020	0.032	0.929	
 502 	  3  	  3  	0.019	0.026	0.046	0.909	
 503 	  3  	  3  	0.014	0.038	0.027	0.921	
 504 	  3  	  3  	0.017	0.016	0.035	0.931	
 505 	  3  	  3  	0.023	0.022	0.043	0.911	
 506 	  3  	  3  	0.014	0.034	0.035	0.917	
 507 	  3  	  3  	0.017	0.028	0.030	0.925	
 508 	  3  	  3  	0.017	0.021	0.057	0.905	
 509 	  3  	  3  	0.019	0.025	0.036	0.920	
 510 	  3  	  3  	0.019	0.016	0.034	0.931	
 511 	  3  	  3  	0.020	0.035	0.041	0.904	
 512 	  3  	  3  	0.014	0.026	0.024	0.935	
 513 	  3  	  3  	0.128	0.035	0.032	0.805	
 514 	  3  	  3  	0.026	0.055	0.030	0.889	
 515 	  3  	  3  	0.382	0.105	0.059	0.454	
 516 	  3  	  3  	0.015	0.058	0.025	0.903	
 517 	  3  	  3  	0.021	0.040	0.024	0.916	
 518 	  3  	  3  	0.179	0.197	0.044	0.579	
 519 	  3  	  3  	0.032	0.061	0.045	0.863	
 520 	  3  	  3  	0.075	0.044	0.054	0.827	
 521 	  3  	  3  	0.336	0.118	0.046	0.500	
 522 	  3  	  3  	0.016	0.059	0.025	0.901	
 523 	  3  	  3  	0.026	0.055	0.030	0.889	
 524 	  3  	  3  	0.371	0.090	0.044	0.496	
 525 	  3  	  3  	0.015	0.058	0.025	0.903	
 526 	  3  	  3  	0.025	0.048	0.031	0.896	
 527 	  3  	  3  	0.225	0.080	0.047	0.648	
 528 	  3  	  3  	0.014	0.060	0.022	0.903	
 529 	  3  	  3  	0.025	0.048	0.031	0.896	
 530 	  3  	  3  	0.225	0.080	0.047	0.648	
 531 	  3  	  3  	0.014	0.060	0.022	0.903	
 532 	  3  	  3  	0.095	0.050	0.056	0.799	
 533 	  3  	  3  	0.337	0.266	0.046	0.351	
 534 	  3  	  3  	0.015	0.057	0.024	0.904	
 535 	  3  	  3  	0.021	0.040	0.017	0.922	
 536 	  3  	  3  	0.074	0.375	0.044	0.508	
 537 	  3  	  3  	0.341	0.101	0.054	0.504	
 538 	  3  	  3  	0.036	0.041	0.050	0.873	
 539 	  0  	  0  	0.944	0.018	0.017	0.020	
 540 	  0  	  0  	0.897	0.042	0.019	0.042	
 541 	  0  	  0  	0.935	0.013	0.024	0.028	
 542 	  0  	  0  	0.908	0.023	0.025	0.044	
 543 	  0  	  0  	0.919	0.030	0.020	0.032	
 544 	  0  	  0  	0.944	0.018	0.017	0.020	
 545 	  0  	  0  	0.897	0.042	0.019	0.042	
 546 	  0  	  0  	0.935	0.013	0.024	0.028	
 547 	  0  	  0  	0.930	0.023	0.030	0.017	
 548 	  0  	  0  	0.929	0.018	0.025	0.028	
 549 	  0  	  0  	0.902	0.044	0.023	0.032	
 550 	  0  	  0  	0.914	0.039	0.019	0.028	
 551 	  0  	  0  	0.920	0.034	0.021	0.024	
 552 	  0  	  0  	0.927	0.023	0.031	0.019	
 553 	  0  	  0  	0.918	0.035	0.020	0.027	
 554 	  0  	  0  	0.911	0.024	0.035	0.030	
 555 	  0  	  0  	0.863	0.044	0.021	0.071	
 556 	  0  	  0  	0.936	0.017	0.026	0.021	
 557 	  0  	  0  	0.934	0.019	0.022	0.024	
 558 	  0  	  0  	0.932	0.023	0.024	0.022	
 559 	  0  	  0  	0.910	0.020	0.050	0.019	
 560 	  0  	  0  	0.931	0.022	0.023	0.024	
 561 	  0  	  0  	0.923	0.020	0.025	0.031	
 562 	  0  	  0  	0.941	0.013	0.025	0.021	
 563 	  0  	  0  	0.900	0.024	0.023	0.053	
 564 	  0  	  0  	0.921	0.035	0.027	0.018	
 565 	  0  	  0  	0.924	0.022	0.023	0.032	
 566 	  0  	  0  	0.909	0.029	0.035	0.027	
 567 	  0  	  0  	0.920	0.017	0.027	0.036	
 568 	  0  	  0  	0.925	0.024	0.024	0.026	
 569 	  0  	  0  	0.930	0.021	0.028	0.021	
 570 	  0  	  0  	0.926	0.026	0.020	0.029	
 571 	  0  	  0  	0.927	0.019	0.022	0.032	
 572 	  0  	  0  	0.904	0.034	0.037	0.026	
 573 	  0  	  0  	0.917	0.024	0.029	0.030	
 574 	  0  	  0  	0.928	0.020	0.031	0.021	
 575 	  0  	  0  	0.876	0.064	0.030	0.030	
 576 	  0  	  0  	0.927	0.030	0.020	0.023	
 577 	  0  	  0  	0.924	0.027	0.028	0.021	
 578 	  0  	  0  	0.949	0.010	0.018	0.023	
 579 	  0  	  0  	0.924	0.030	0.027	0.020	
 580 	  0  	  0  	0.920	0.028	0.021	0.031	
 581 	  0  	  0  	0.923	0.022	0.023	0.032	
 582 	  0  	  0  	0.918	0.033	0.028	0.021	
 583 	  0  	  0  	0.924	0.023	0.024	0.029	
 584 	  0  	  0  	0.923	0.028	0.022	0.028	
 585 	  0  	  0  	0.937	0.017	0.024	0.022	
 586 	  0  	  0  	0.932	0.018	0.020	0.030	
 587 	  0  	  0  	0.941	0.020	0.023	0.017	
 588 	  0  	  0  	0.927	0.019	0.019	0.034	
 589 	  0  	  0  	0.897	0.037	0.034	0.032	
 590 	  0  	  0  	0.896	0.026	0.021	0.058	
 591 	  0  	  0  	0.915	0.034	0.031	0.021	
 592 	  0  	  0  	0.930	0.023	0.027	0.020	
 593 	  0  	  0  	0.919	0.024	0.024	0.032	
 594 	  0  	  0  	0.919	0.038	0.020	0.023	
 595 	  0  	  0  	0.922	0.021	0.025	0.031	
 596 	  0  	  0  	0.902	0.041	0.030	0.027	
 597 	  0  	  0  	0.917	0.034	0.028	0.021	
 598 	  0  	  0  	0.916	0.026	0.025	0.033	
 599 	  0  	  0  	0.923	0.023	0.028	0.026	
 600 	  0  	  0  	0.911	0.039	0.019	0.031	
 601 	  0  	  0  	0.792	0.096	0.047	0.065	
 602 	  0  	  0  	0.931	0.024	0.027	0.018	
 603 	  0  	  0  	0.878	0.048	0.042	0.032	
 604 	  0  	  0  	0.934	0.015	0.029	0.023	
 605 	  0  	  0  	0.931	0.020	0.028	0.021	
 606 	  0  	  0  	0.919	0.021	0.038	0.022	
 607 	  0  	  0  	0.922	0.028	0.026	0.023	
 608 	  0  	  0  	0.927	0.028	0.024	0.021	
 609 	  0  	  0  	0.941	0.017	0.026	0.016	
 610 	  0  	  0  	0.873	0.030	0.039	0.058	
 611 	  0  	  0  	0.879	0.027	0.042	0.052	
 612 	  0  	  0  	0.842	0.031	0.051	0.077	
 613 	  0  	  0  	0.913	0.048	0.019	0.021	
 614 	  0  	  0  	0.913	0.048	0.018	0.021	
 615 	  0  	  0  	0.924	0.038	0.021	0.017	
 616 	  0  	  0  	0.883	0.025	0.035	0.057	
 617 	  0  	  0  	0.934	0.023	0.024	0.020	
 618 	  0  	  0  	0.938	0.023	0.019	0.019	
 619 	  0  	  0  	0.930	0.021	0.026	0.022	
 620 	  3  	  0  	0.176	0.061	0.095	0.667	
 621 	  0  	  0  	0.926	0.023	0.026	0.024	
 622 	  0  	  0  	0.927	0.024	0.024	0.024	
 623 	  0  	  0  	0.930	0.021	0.024	0.024	
 624 	  0  	  0  	0.927	0.020	0.030	0.023	
 625 	  0  	  0  	0.930	0.022	0.027	0.021	
 626 	  0  	  0  	0.933	0.020	0.023	0.024	
 627 	  0  	  0  	0.917	0.030	0.024	0.029	
 628 	  0  	  0  	0.921	0.024	0.026	0.029	
 629 	  0  	  0  	0.923	0.022	0.028	0.027	
 630 	  0  	  0  	0.931	0.025	0.023	0.021	
 631 	  0  	  0  	0.919	0.026	0.026	0.028	
 632 	  0  	  0  	0.927	0.020	0.027	0.026	
 633 	  0  	  0  	0.925	0.021	0.025	0.028	
 634 	  0  	  0  	0.929	0.020	0.027	0.024	
 635 	  0  	  0  	0.922	0.029	0.021	0.029	
 636 	  0  	  0  	0.926	0.026	0.020	0.028	
 637 	  0  	  0  	0.927	0.028	0.023	0.022	
 638 	  0  	  0  	0.917	0.021	0.041	0.022	
 639 	  0  	  0  	0.905	0.042	0.031	0.023	
 640 	  0  	  0  	0.894	0.037	0.039	0.030	
 641 	  0  	  0  	0.901	0.037	0.039	0.023	
 642 	  0  	  0  	0.899	0.052	0.028	0.021	
 643 	  0  	  0  	0.932	0.013	0.020	0.035	
 644 	  0  	  0  	0.932	0.025	0.024	0.019	
 645 	  0  	  0  	0.931	0.024	0.025	0.020	
 646 	  0  	  0  	0.905	0.038	0.038	0.019	
 647 	  0  	  0  	0.926	0.018	0.034	0.022	
 648 	  0  	  0  	0.928	0.016	0.034	0.022	
 649 	  0  	  0  	0.915	0.019	0.039	0.026	
 650 	  0  	  0  	0.920	0.032	0.026	0.022	
 651 	  0  	  0  	0.932	0.016	0.030	0.022	
 652 	  0  	  0  	0.926	0.017	0.036	0.022	
 653 	  0  	  0  	0.928	0.029	0.022	0.021	
 654 	  0  	  0  	0.907	0.039	0.024	0.030	
 655 	  0  	  0  	0.927	0.027	0.021	0.025	
 656 	  0  	  0  	0.933	0.026	0.023	0.019	
 657 	  0  	  0  	0.928	0.034	0.021	0.017	
 658 	  0  	  0  	0.928	0.025	0.022	0.025	
 659 	  0  	  0  	0.926	0.026	0.017	0.032	
 660 	  0  	  0  	0.864	0.075	0.021	0.039	
 661 	  0  	  0  	0.917	0.036	0.019	0.028	
 662 	  0  	  0  	0.927	0.027	0.018	0.028	
 663 	  0  	  0  	0.899	0.050	0.021	0.030	
 664 	  0  	  0  	0.922	0.033	0.019	0.026	
 665 	  0  	  0  	0.936	0.022	0.023	0.019	
 666 	  0  	  0  	0.936	0.023	0.022	0.020	
 667 	  0  	  0  	0.934	0.025	0.023	0.018	
 668 	  0  	  0  	0.937	0.022	0.023	0.019	
 669 	  0  	  0  	0.920	0.031	0.022	0.028	
 670 	  0  	  0  	0.936	0.024	0.021	0.019	
 671 	  0  	  0  	0.935	0.022	0.022	0.021	
 672 	  0  	  0  	0.926	0.026	0.021	0.028	
 673 	  0  	  0  	0.913	0.019	0.038	0.030	
 674 	  0  	  0  	0.912	0.039	0.026	0.023	
 675 	  0  	  0  	0.932	0.023	0.026	0.020	
 676 	  0  	  0  	0.911	0.027	0.041	0.021	
 677 	  0  	  0  	0.910	0.034	0.027	0.029	
 678 	  0  	  0  	0.902	0.036	0.027	0.034	
 679 	  0  	  0  	0.911	0.033	0.029	0.027	
 680 	  0  	  0  	0.935	0.018	0.023	0.024	
 681 	  0  	  0  	0.934	0.028	0.020	0.018	
 682 	  0  	  0  	0.933	0.023	0.023	0.021	
 683 	  0  	  0  	0.933	0.021	0.021	0.024	
 684 	  0  	  0  	0.900	0.045	0.028	0.027	
 685 	  0  	  0  	0.914	0.035	0.019	0.032	
 686 	  0  	  0  	0.929	0.029	0.021	0.022	
 687 	  0  	  0  	0.941	0.019	0.021	0.019	
 688 	  0  	  0  	0.927	0.024	0.021	0.028	
 689 	  0  	  0  	0.928	0.029	0.022	0.021	
 690 	  0  	  0  	0.906	0.039	0.024	0.030	
 691 	  0  	  0  	0.927	0.027	0.021	0.025	
 692 	  0  	  0  	0.943	0.022	0.020	0.015	
 693 	  0  	  0  	0.942	0.021	0.018	0.018	
 694 	  0  	  0  	0.914	0.033	0.030	0.023	
 695 	  0  	  0  	0.941	0.024	0.021	0.014	
 696 	  0  	  0  	0.937	0.025	0.021	0.017	
 697 	  0  	  0  	0.936	0.021	0.025	0.018	
 698 	  0  	  0  	0.929	0.026	0.022	0.022	
 699 	  0  	  0  	0.918	0.041	0.022	0.019	
 700 	  0  	  0  	0.925	0.028	0.021	0.026	
 701 	  0  	  0  	0.933	0.026	0.023	0.019	
 702 	  0  	  0  	0.928	0.034	0.021	0.017	
 703 	  0  	  0  	0.928	0.025	0.022	0.025	
 704 	  0  	  0  	0.950	0.019	0.015	0.016	
 705 	  0  	  0  	0.929	0.029	0.020	0.022	
 706 	  0  	  0  	0.938	0.021	0.021	0.020	
 707 	  0  	  0  	0.928	0.027	0.020	0.026	
 708 	  0  	  0  	0.939	0.021	0.021	0.019	
 709 	  0  	  0  	0.939	0.019	0.022	0.020	
 710 	  0  	  0  	0.911	0.038	0.024	0.027	
 711 	  0  	  0  	0.922	0.030	0.027	0.021	
 712 	  0  	  0  	0.950	0.019	0.015	0.016	
 713 	  0  	  0  	0.925	0.023	0.030	0.022	
 714 	  0  	  0  	0.953	0.017	0.015	0.016	
 715 	  0  	  0  	0.936	0.014	0.031	0.018	
 716 	  0  	  0  	0.939	0.019	0.024	0.019	
 717 	  0  	  0  	0.932	0.019	0.024	0.025	
 718 	  0  	  0  	0.905	0.017	0.038	0.040	
 719 	  0  	  0  	0.916	0.017	0.034	0.032	
 720 	  0  	  0  	0.923	0.018	0.029	0.030	
 721 	  0  	  0  	0.921	0.032	0.020	0.027	
 722 	  0  	  0  	0.928	0.016	0.031	0.025	
 723 	  0  	  0  	0.934	0.023	0.021	0.022	
 724 	  0  	  0  	0.930	0.018	0.028	0.024	
 725 	  0  	  0  	0.936	0.017	0.024	0.023	
 726 	  0  	  0  	0.908	0.028	0.040	0.023	
 727 	  0  	  0  	0.929	0.022	0.027	0.023	
 728 	  0  	  0  	0.942	0.020	0.019	0.019	
 729 	  0  	  0  	0.901	0.014	0.050	0.035	
 730 	  0  	  0  	0.924	0.025	0.030	0.021	
 731 	  0  	  0  	0.938	0.023	0.018	0.021	
 732 	  0  	  0  	0.931	0.015	0.030	0.024	
 733 	  0  	  0  	0.938	0.019	0.021	0.021	
 734 	  0  	  0  	0.942	0.019	0.022	0.017	
 735 	  0  	  0  	0.929	0.022	0.027	0.022	
 736 	  0  	  0  	0.921	0.020	0.029	0.031	
 737 	  0  	  0  	0.916	0.020	0.042	0.023	
 738 	  0  	  0  	0.877	0.031	0.034	0.057	
 739 	  0  	  0  	0.931	0.019	0.026	0.024	
 740 	  0  	  0  	0.922	0.022	0.033	0.023	
 741 	  0  	  0  	0.924	0.027	0.019	0.030	
 742 	  0  	  0  	0.934	0.025	0.022	0.020	
 743 	  0  	  0  	0.936	0.022	0.021	0.020	
 744 	  0  	  0  	0.926	0.028	0.023	0.022	
 745 	  0  	  0  	0.918	0.023	0.027	0.032	
 746 	  0  	  0  	0.881	0.054	0.031	0.035	
 747 	  0  	  0  	0.924	0.030	0.024	0.022	
 748 	  0  	  0  	0.927	0.021	0.028	0.024	
 749 	  0  	  0  	0.935	0.019	0.022	0.025	
 750 	  0  	  0  	0.936	0.020	0.023	0.021	
 751 	  0  	  0  	0.919	0.016	0.032	0.034	
 752 	  0  	  0  	0.923	0.024	0.031	0.022	
 753 	  0  	  0  	0.935	0.019	0.022	0.025	
 754 	  0  	  0  	0.922	0.016	0.027	0.035	
 755 	  0  	  0  	0.929	0.021	0.029	0.021	
 756 	  0  	  0  	0.936	0.020	0.023	0.021	
 757 	  0  	  0  	0.926	0.021	0.033	0.020	
 758 	  0  	  0  	0.870	0.029	0.070	0.031	
 759 	  0  	  0  	0.932	0.018	0.023	0.026	
 760 	  0  	  0  	0.923	0.018	0.036	0.023	
 761 	  0  	  0  	0.918	0.021	0.036	0.026	
 762 	  0  	  0  	0.936	0.016	0.023	0.024	
 763 	  0  	  0  	0.958	0.015	0.013	0.014	
 764 	  0  	  0  	0.960	0.013	0.013	0.014	
 765 	  0  	  0  	0.929	0.024	0.021	0.026	
 766 	  0  	  0  	0.952	0.019	0.015	0.015	
 767 	  0  	  0  	0.929	0.019	0.025	0.026	
 768 	  0  	  0  	0.953	0.018	0.014	0.015	
 769 	  0  	  0  	0.875	0.028	0.041	0.056	
 770 	  0  	  0  	0.921	0.030	0.030	0.019	
 771 	  0  	  0  	0.958	0.015	0.013	0.014	
 772 	  0  	  0  	0.897	0.043	0.038	0.021	
 773 	  0  	  0  	0.960	0.013	0.013	0.014	
 774 	  0  	  0  	0.929	0.021	0.021	0.029	
 775 	  0  	  0  	0.915	0.032	0.023	0.031	
 776 	  0  	  0  	0.929	0.024	0.021	0.026	
 777 	  0  	  0  	0.952	0.019	0.015	0.015	
 778 	  0  	  0  	0.921	0.022	0.028	0.030	
 779 	  0  	  0  	0.929	0.019	0.025	0.026	
 780 	  0  	  0  	0.953	0.018	0.014	0.015	
 781 	  0  	  0  	0.921	0.021	0.029	0.029	
 782 	  0  	  0  	0.907	0.026	0.030	0.037	
 783 	  0  	  0  	0.924	0.018	0.033	0.025	
 784 	  0  	  0  	0.918	0.027	0.024	0.031	
 785 	  0  	  0  	0.921	0.027	0.026	0.027	
 786 	  0  	  0  	0.934	0.020	0.024	0.022	
 787 	  0  	  0  	0.893	0.051	0.025	0.032	
 788 	  0  	  0  	0.896	0.049	0.026	0.029	
 789 	  0  	  0  	0.912	0.047	0.021	0.020	
 790 	  0  	  0  	0.920	0.031	0.025	0.024	
 791 	  0  	  0  	0.906	0.032	0.028	0.034	
 792 	  0  	  0  	0.926	0.026	0.021	0.027	
 793 	  0  	  0  	0.914	0.026	0.032	0.029	
 794 	  0  	  0  	0.956	0.006	0.021	0.017	
 795 	  0  	  0  	0.898	0.050	0.019	0.032	
 796 	  0  	  0  	0.933	0.021	0.024	0.023	
 797 	  0  	  0  	0.841	0.031	0.040	0.088	
 798 	  0  	  0  	0.936	0.021	0.024	0.019	
 799 	  0  	  0  	0.896	0.020	0.023	0.061	
 800 	  0  	  0  	0.930	0.029	0.020	0.022	
 801 	  0  	  0  	0.932	0.016	0.016	0.036	
 802 	  0  	  0  	0.924	0.023	0.026	0.027	
 803 	  0  	  0  	0.917	0.018	0.026	0.039	
 804 	  0  	  0  	0.923	0.027	0.019	0.031	
 805 	  0  	  0  	0.937	0.019	0.022	0.022	
 806 	  0  	  0  	0.927	0.022	0.031	0.021	
 807 	  0  	  0  	0.965	0.012	0.011	0.012	
 808 	  0  	  0  	0.922	0.030	0.021	0.027	
 809 	  0  	  0  	0.929	0.015	0.030	0.026	
 810 	  0  	  0  	0.929	0.029	0.018	0.024	
 811 	  0  	  0  	0.920	0.030	0.025	0.025	
 812 	  0  	  0  	0.936	0.023	0.023	0.018	
 813 	  0  	  0  	0.911	0.045	0.018	0.025	
 814 	  0  	  0  	0.929	0.025	0.021	0.025	
 815 	  0  	  0  	0.935	0.018	0.028	0.019	
 816 	  0  	  0  	0.924	0.023	0.033	0.020	
 817 	  0  	  0  	0.931	0.024	0.020	0.025	
 818 	  0  	  0  	0.912	0.022	0.030	0.035	
 819 	  0  	  0  	0.904	0.034	0.017	0.045	
 820 	  0  	  0  	0.930	0.020	0.027	0.024	
 821 	  0  	  0  	0.922	0.033	0.025	0.020	
 822 	  0  	  0  	0.931	0.022	0.023	0.024	
 823 	  0  	  0  	0.919	0.033	0.024	0.024	
 824 	  0  	  0  	0.925	0.015	0.025	0.035	
 825 	  0  	  0  	0.875	0.052	0.025	0.047	
 826 	  0  	  0  	0.913	0.044	0.021	0.022	
 827 	  0  	  0  	0.918	0.018	0.039	0.025	
 828 	  0  	  0  	0.901	0.018	0.041	0.040	
 829 	  0  	  0  	0.959	0.018	0.012	0.012	
 830 	  0  	  0  	0.931	0.024	0.021	0.024	
 831 	  0  	  0  	0.924	0.025	0.030	0.021	
 832 	  0  	  0  	0.962	0.012	0.012	0.014	
 833 	  0  	  0  	0.932	0.024	0.023	0.021	
 834 	  0  	  0  	0.924	0.028	0.024	0.024	
 835 	  0  	  0  	0.886	0.023	0.036	0.055	
 836 	  0  	  0  	0.921	0.027	0.028	0.023	
 837 	  0  	  0  	0.933	0.017	0.026	0.025	
 838 	  0  	  0  	0.929	0.025	0.023	0.023	
 839 	  0  	  0  	0.929	0.023	0.023	0.026	
 840 	  0  	  0  	0.856	0.034	0.027	0.083	
 841 	  0  	  0  	0.925	0.021	0.028	0.026	
 842 	  0  	  0  	0.930	0.024	0.025	0.022	
 843 	  0  	  0  	0.790	0.146	0.036	0.029	
 844 	  0  	  0  	0.822	0.097	0.028	0.053	
 845 	  0  	  0  	0.859	0.078	0.040	0.023	
 846 	  0  	  0  	0.779	0.147	0.045	0.030	
 847 	  0  	  0  	0.874	0.055	0.049	0.021	
 848 	  0  	  0  	0.653	0.027	0.105	0.216	
 849 	  0  	  0  	0.874	0.055	0.049	0.021	
 850 	  0  	  0  	0.653	0.027	0.105	0.216	
 851 	  0  	  0  	0.919	0.031	0.031	0.018	
 852 	  0  	  0  	0.867	0.016	0.050	0.066	
 853 	  0  	  0  	0.850	0.090	0.035	0.024	
 854 	  0  	  0  	0.643	0.045	0.032	0.280	
