  no	pred	real	Good	Contact	Radius	Hole
  0  	  1  	  1  	0.016	0.923	0.037	0.023	
  1  	  1  	  1  	0.025	0.917	0.031	0.026	
  2  	  1  	  1  	0.010	0.942	0.031	0.017	
  3  	  1  	  1  	0.026	0.914	0.028	0.032	
  4  	  1  	  1  	0.016	0.923	0.037	0.023	
  5  	  1  	  1  	0.025	0.917	0.031	0.026	
  6  	  1  	  1  	0.021	0.871	0.079	0.028	
  7  	  1  	  1  	0.002	0.944	0.014	0.040	
  8  	  1  	  1  	0.015	0.890	0.069	0.026	
  9  	  1  	  1  	0.021	0.707	0.245	0.028	
 10  	  1  	  1  	0.024	0.761	0.187	0.028	
 11  	  1  	  1  	0.018	0.914	0.036	0.032	
 12  	  1  	  1  	0.031	0.795	0.145	0.030	
 13  	  1  	  1  	0.001	0.964	0.006	0.029	
 14  	  1  	  1  	0.040	0.906	0.032	0.022	
 15  	  1  	  1  	0.052	0.869	0.066	0.013	
 16  	  1  	  1  	0.036	0.821	0.122	0.021	
 17  	  1  	  1  	0.006	0.962	0.013	0.020	
 18  	  1  	  1  	0.012	0.945	0.022	0.021	
 19  	  1  	  1  	0.011	0.925	0.030	0.034	
 20  	  1  	  1  	0.006	0.954	0.019	0.021	
 21  	  1  	  1  	0.008	0.948	0.019	0.025	
 22  	  1  	  1  	0.013	0.910	0.016	0.061	
 23  	  1  	  1  	0.006	0.944	0.013	0.037	
 24  	  1  	  1  	0.003	0.964	0.026	0.007	
 25  	  1  	  1  	0.009	0.947	0.033	0.010	
 26  	  1  	  1  	0.012	0.947	0.017	0.024	
 27  	  1  	  1  	0.011	0.969	0.009	0.012	
 28  	  1  	  1  	0.010	0.958	0.013	0.019	
 29  	  1  	  1  	0.006	0.967	0.012	0.015	
 30  	  1  	  1  	0.031	0.932	0.016	0.021	
 31  	  1  	  1  	0.015	0.953	0.013	0.019	
 32  	  1  	  1  	0.013	0.939	0.031	0.017	
 33  	  1  	  1  	0.017	0.956	0.009	0.018	
 34  	  1  	  1  	0.009	0.958	0.019	0.014	
 35  	  1  	  1  	0.017	0.938	0.023	0.023	
 36  	  1  	  1  	0.010	0.957	0.015	0.018	
 37  	  1  	  1  	0.014	0.938	0.024	0.024	
 38  	  1  	  1  	0.004	0.950	0.036	0.010	
 39  	  1  	  1  	0.027	0.932	0.019	0.022	
 40  	  1  	  1  	0.002	0.974	0.012	0.013	
 41  	  1  	  1  	0.025	0.927	0.025	0.023	
 42  	  1  	  1  	0.014	0.938	0.024	0.024	
 43  	  1  	  1  	0.027	0.932	0.019	0.022	
 44  	  1  	  1  	0.002	0.973	0.012	0.013	
 45  	  1  	  1  	0.025	0.927	0.025	0.023	
 46  	  1  	  1  	0.014	0.938	0.025	0.023	
 47  	  1  	  1  	0.036	0.928	0.015	0.021	
 48  	  1  	  1  	0.003	0.952	0.020	0.025	
 49  	  1  	  1  	0.036	0.928	0.017	0.019	
 50  	  1  	  1  	0.022	0.928	0.031	0.019	
 51  	  1  	  1  	0.015	0.941	0.022	0.021	
 52  	  1  	  1  	0.016	0.941	0.027	0.016	
 53  	  1  	  1  	0.013	0.916	0.047	0.025	
 54  	  1  	  1  	0.015	0.941	0.022	0.021	
 55  	  1  	  1  	0.016	0.941	0.027	0.016	
 56  	  1  	  1  	0.013	0.916	0.047	0.025	
 57  	  1  	  1  	0.020	0.939	0.019	0.022	
 58  	  1  	  1  	0.018	0.919	0.042	0.022	
 59  	  1  	  1  	0.001	0.969	0.012	0.017	
 60  	  1  	  1  	0.040	0.929	0.012	0.019	
 61  	  1  	  1  	0.007	0.877	0.030	0.087	
 62  	  1  	  1  	0.019	0.947	0.023	0.011	
 63  	  1  	  1  	0.007	0.965	0.014	0.013	
 64  	  1  	  1  	0.007	0.877	0.030	0.087	
 65  	  1  	  1  	0.007	0.967	0.014	0.012	
 66  	  1  	  1  	0.011	0.915	0.052	0.022	
 67  	  1  	  1  	0.007	0.945	0.040	0.008	
 68  	  1  	  1  	0.011	0.931	0.037	0.022	
 69  	  1  	  1  	0.007	0.933	0.052	0.008	
 70  	  1  	  1  	0.006	0.959	0.022	0.013	
 71  	  1  	  1  	0.009	0.955	0.026	0.010	
 72  	  1  	  1  	0.002	0.976	0.010	0.011	
 73  	  1  	  1  	0.006	0.959	0.027	0.008	
 74  	  1  	  1  	0.003	0.970	0.007	0.020	
 75  	  1  	  1  	0.008	0.897	0.080	0.015	
 76  	  1  	  1  	0.001	0.982	0.008	0.008	
 77  	  1  	  1  	0.003	0.973	0.006	0.018	
 78  	  1  	  1  	0.005	0.892	0.033	0.070	
 79  	  1  	  1  	0.002	0.949	0.013	0.036	
 80  	  1  	  1  	0.002	0.955	0.016	0.028	
 81  	  1  	  1  	0.002	0.945	0.020	0.032	
 82  	  1  	  1  	0.011	0.926	0.055	0.008	
 83  	  1  	  1  	0.014	0.831	0.138	0.017	
 84  	  1  	  1  	0.010	0.956	0.026	0.008	
 85  	  1  	  1  	0.009	0.970	0.009	0.012	
 86  	  1  	  1  	0.012	0.942	0.035	0.011	
 87  	  1  	  1  	0.013	0.875	0.095	0.017	
 88  	  1  	  1  	0.010	0.943	0.035	0.012	
 89  	  1  	  1  	0.015	0.902	0.050	0.032	
 90  	  1  	  1  	0.014	0.894	0.060	0.032	
 91  	  1  	  1  	0.005	0.949	0.035	0.010	
 92  	  1  	  1  	0.022	0.925	0.026	0.027	
 93  	  1  	  1  	0.011	0.966	0.010	0.013	
 94  	  1  	  1  	0.020	0.954	0.020	0.006	
 95  	  1  	  1  	0.017	0.919	0.041	0.023	
 96  	  1  	  1  	0.017	0.943	0.025	0.015	
 97  	  1  	  1  	0.015	0.959	0.015	0.011	
 98  	  1  	  1  	0.020	0.873	0.072	0.035	
 99  	  1  	  1  	0.047	0.909	0.020	0.023	
 100 	  1  	  1  	0.006	0.970	0.013	0.011	
 101 	  1  	  1  	0.002	0.973	0.011	0.014	
 102 	  1  	  1  	0.003	0.971	0.015	0.011	
 103 	  1  	  1  	0.004	0.963	0.014	0.019	
 104 	  1  	  1  	0.006	0.960	0.021	0.013	
 105 	  1  	  1  	0.005	0.953	0.019	0.024	
 106 	  1  	  1  	0.012	0.949	0.024	0.015	
 107 	  1  	  1  	0.020	0.923	0.036	0.022	
 108 	  1  	  1  	0.005	0.961	0.016	0.017	
 109 	  1  	  1  	0.020	0.955	0.016	0.009	
 110 	  1  	  1  	0.018	0.940	0.025	0.018	
 111 	  1  	  1  	0.015	0.940	0.022	0.023	
 112 	  1  	  1  	0.004	0.915	0.059	0.021	
 113 	  1  	  1  	0.011	0.921	0.047	0.020	
 114 	  1  	  1  	0.011	0.943	0.035	0.011	
 115 	  1  	  1  	0.001	0.981	0.008	0.010	
 116 	  1  	  1  	0.011	0.728	0.039	0.222	
 117 	  1  	  1  	0.011	0.957	0.015	0.018	
 118 	  1  	  1  	0.028	0.902	0.051	0.020	
 119 	  1  	  1  	0.015	0.901	0.048	0.036	
 120 	  1  	  1  	0.002	0.961	0.017	0.021	
 121 	  1  	  1  	0.012	0.925	0.044	0.019	
 122 	  1  	  1  	0.013	0.936	0.036	0.015	
 123 	  1  	  1  	0.011	0.909	0.045	0.035	
 124 	  1  	  1  	0.002	0.964	0.014	0.020	
 125 	  1  	  1  	0.022	0.918	0.040	0.020	
 126 	  1  	  1  	0.014	0.909	0.050	0.027	
 127 	  1  	  1  	0.015	0.947	0.023	0.016	
 128 	  1  	  1  	0.002	0.969	0.012	0.017	
 129 	  1  	  1  	0.019	0.966	0.006	0.010	
 130 	  1  	  1  	0.010	0.963	0.015	0.012	
 131 	  1  	  1  	0.037	0.875	0.056	0.032	
 132 	  1  	  1  	0.003	0.961	0.016	0.020	
 133 	  1  	  1  	0.014	0.953	0.022	0.012	
 134 	  1  	  1  	0.014	0.936	0.034	0.016	
 135 	  1  	  1  	0.009	0.940	0.040	0.011	
 136 	  1  	  1  	0.015	0.966	0.008	0.010	
 137 	  1  	  1  	0.015	0.947	0.015	0.022	
 138 	  1  	  1  	0.005	0.968	0.016	0.010	
 139 	  1  	  1  	0.012	0.934	0.038	0.016	
 140 	  1  	  1  	0.003	0.971	0.009	0.017	
 141 	  1  	  1  	0.010	0.882	0.024	0.084	
 142 	  1  	  1  	0.014	0.943	0.022	0.021	
 143 	  1  	  1  	0.077	0.525	0.011	0.387	
 144 	  1  	  1  	0.282	0.585	0.050	0.084	
 145 	  1  	  1  	0.014	0.953	0.019	0.014	
 146 	  2  	  2  	0.015	0.006	0.962	0.017	
 147 	  2  	  2  	0.008	0.012	0.968	0.012	
 148 	  2  	  2  	0.010	0.045	0.927	0.017	
 149 	  2  	  2  	0.005	0.021	0.960	0.015	
 150 	  2  	  2  	0.006	0.007	0.977	0.010	
 151 	  2  	  2  	0.009	0.013	0.924	0.054	
 152 	  2  	  2  	0.007	0.005	0.965	0.023	
 153 	  2  	  2  	0.014	0.016	0.937	0.033	
 154 	  2  	  2  	0.012	0.017	0.959	0.012	
 155 	  2  	  2  	0.013	0.014	0.891	0.082	
 156 	  2  	  2  	0.004	0.008	0.950	0.037	
 157 	  2  	  2  	0.015	0.006	0.971	0.008	
 158 	  2  	  2  	0.020	0.012	0.944	0.025	
 159 	  2  	  2  	0.012	0.010	0.960	0.018	
 160 	  2  	  2  	0.009	0.012	0.959	0.020	
 161 	  2  	  2  	0.009	0.024	0.951	0.015	
 162 	  2  	  2  	0.012	0.021	0.951	0.016	
 163 	  2  	  2  	0.015	0.012	0.966	0.006	
 164 	  2  	  2  	0.010	0.018	0.946	0.025	
 165 	  2  	  2  	0.003	0.009	0.971	0.017	
 166 	  2  	  2  	0.005	0.008	0.975	0.012	
 167 	  2  	  2  	0.042	0.014	0.933	0.011	
 168 	  2  	  2  	0.010	0.006	0.945	0.038	
 169 	  2  	  2  	0.012	0.009	0.950	0.028	
 170 	  2  	  2  	0.012	0.008	0.958	0.022	
 171 	  2  	  2  	0.011	0.007	0.954	0.029	
 172 	  2  	  2  	0.022	0.006	0.936	0.036	
 173 	  2  	  2  	0.014	0.007	0.946	0.033	
 174 	  2  	  2  	0.009	0.008	0.949	0.033	
 175 	  2  	  2  	0.010	0.007	0.971	0.013	
 176 	  2  	  2  	0.013	0.010	0.958	0.018	
 177 	  2  	  2  	0.010	0.011	0.960	0.020	
 178 	  2  	  2  	0.010	0.007	0.960	0.023	
 179 	  2  	  2  	0.009	0.009	0.953	0.029	
 180 	  2  	  2  	0.017	0.009	0.959	0.015	
 181 	  2  	  2  	0.013	0.010	0.958	0.018	
 182 	  2  	  2  	0.013	0.015	0.945	0.027	
 183 	  2  	  2  	0.013	0.007	0.949	0.031	
 184 	  2  	  2  	0.010	0.012	0.948	0.030	
 185 	  2  	  2  	0.006	0.007	0.965	0.022	
 186 	  2  	  2  	0.015	0.026	0.951	0.008	
 187 	  2  	  2  	0.011	0.007	0.971	0.011	
 188 	  2  	  2  	0.017	0.008	0.968	0.007	
 189 	  2  	  2  	0.010	0.007	0.967	0.017	
 190 	  2  	  2  	0.028	0.015	0.949	0.008	
 191 	  2  	  2  	0.017	0.010	0.961	0.012	
 192 	  2  	  2  	0.023	0.009	0.957	0.010	
 193 	  2  	  2  	0.015	0.017	0.941	0.027	
 194 	  2  	  2  	0.013	0.010	0.957	0.020	
 195 	  2  	  2  	0.017	0.012	0.949	0.022	
 196 	  2  	  2  	0.012	0.010	0.966	0.012	
 197 	  2  	  2  	0.014	0.010	0.961	0.015	
 198 	  2  	  2  	0.012	0.013	0.961	0.014	
 199 	  2  	  2  	0.015	0.011	0.960	0.014	
 200 	  2  	  2  	0.009	0.009	0.954	0.028	
 201 	  2  	  2  	0.022	0.018	0.947	0.013	
 202 	  2  	  2  	0.009	0.011	0.954	0.025	
 203 	  2  	  2  	0.009	0.009	0.954	0.028	
 204 	  2  	  2  	0.008	0.017	0.943	0.033	
 205 	  2  	  2  	0.012	0.008	0.963	0.018	
 206 	  2  	  2  	0.015	0.007	0.961	0.017	
 207 	  2  	  2  	0.022	0.009	0.949	0.019	
 208 	  2  	  2  	0.015	0.006	0.963	0.016	
 209 	  2  	  2  	0.044	0.008	0.927	0.021	
 210 	  2  	  2  	0.008	0.011	0.961	0.019	
 211 	  2  	  2  	0.010	0.011	0.958	0.022	
 212 	  2  	  2  	0.019	0.010	0.947	0.024	
 213 	  2  	  2  	0.009	0.008	0.952	0.030	
 214 	  2  	  2  	0.005	0.009	0.957	0.030	
 215 	  2  	  2  	0.008	0.009	0.955	0.029	
 216 	  2  	  2  	0.008	0.007	0.952	0.033	
 217 	  2  	  2  	0.008	0.009	0.955	0.029	
 218 	  2  	  2  	0.008	0.007	0.952	0.033	
 219 	  2  	  2  	0.016	0.006	0.954	0.023	
 220 	  2  	  2  	0.006	0.007	0.959	0.028	
 221 	  2  	  2  	0.010	0.011	0.963	0.016	
 222 	  2  	  2  	0.007	0.006	0.972	0.015	
 223 	  2  	  2  	0.011	0.030	0.935	0.024	
 224 	  2  	  2  	0.006	0.007	0.960	0.027	
 225 	  2  	  2  	0.007	0.006	0.972	0.015	
 226 	  2  	  2  	0.007	0.035	0.894	0.064	
 227 	  2  	  2  	0.008	0.015	0.968	0.009	
 228 	  2  	  2  	0.008	0.007	0.969	0.017	
 229 	  2  	  2  	0.006	0.037	0.942	0.016	
 230 	  2  	  2  	0.002	0.007	0.973	0.018	
 231 	  2  	  2  	0.002	0.007	0.973	0.018	
 232 	  2  	  2  	0.008	0.007	0.969	0.017	
 233 	  2  	  2  	0.014	0.010	0.967	0.009	
 234 	  2  	  2  	0.010	0.025	0.955	0.010	
 235 	  2  	  2  	0.010	0.012	0.959	0.020	
 236 	  2  	  2  	0.012	0.015	0.964	0.009	
 237 	  2  	  2  	0.013	0.019	0.958	0.011	
 238 	  2  	  2  	0.010	0.011	0.968	0.012	
 239 	  2  	  2  	0.010	0.018	0.934	0.038	
 240 	  2  	  2  	0.012	0.017	0.938	0.033	
 241 	  2  	  2  	0.010	0.015	0.925	0.050	
 242 	  2  	  2  	0.009	0.006	0.973	0.011	
 243 	  2  	  2  	0.010	0.011	0.944	0.035	
 244 	  2  	  2  	0.010	0.009	0.968	0.013	
 245 	  2  	  2  	0.009	0.013	0.965	0.013	
 246 	  2  	  2  	0.015	0.016	0.954	0.015	
 247 	  2  	  2  	0.004	0.007	0.971	0.018	
 248 	  2  	  2  	0.008	0.011	0.973	0.008	
 249 	  2  	  2  	0.009	0.017	0.952	0.023	
 250 	  2  	  2  	0.015	0.010	0.965	0.010	
 251 	  2  	  2  	0.011	0.007	0.971	0.011	
 252 	  2  	  2  	0.016	0.008	0.965	0.011	
 253 	  2  	  2  	0.026	0.007	0.961	0.006	
 254 	  2  	  2  	0.011	0.010	0.948	0.031	
 255 	  2  	  2  	0.026	0.012	0.953	0.009	
 256 	  2  	  2  	0.013	0.010	0.967	0.010	
 257 	  2  	  2  	0.016	0.010	0.965	0.008	
 258 	  2  	  2  	0.009	0.013	0.939	0.040	
 259 	  2  	  2  	0.013	0.008	0.970	0.010	
 260 	  2  	  2  	0.010	0.008	0.968	0.014	
 261 	  3  	  3  	0.043	0.015	0.019	0.923	
 262 	  3  	  3  	0.027	0.022	0.020	0.931	
 263 	  3  	  3  	0.011	0.018	0.017	0.954	
 264 	  3  	  3  	0.017	0.021	0.029	0.933	
 265 	  3  	  3  	0.010	0.053	0.030	0.906	
 266 	  3  	  3  	0.013	0.018	0.035	0.933	
 267 	  3  	  3  	0.008	0.036	0.032	0.923	
 268 	  3  	  3  	0.017	0.050	0.043	0.891	
 269 	  3  	  3  	0.020	0.021	0.010	0.949	
 270 	  3  	  3  	0.020	0.025	0.026	0.929	
 271 	  3  	  3  	0.015	0.050	0.027	0.908	
 272 	  3  	  3  	0.015	0.048	0.032	0.906	
 273 	  3  	  3  	0.007	0.033	0.030	0.930	
 274 	  3  	  3  	0.016	0.030	0.025	0.930	
 275 	  3  	  3  	0.014	0.023	0.013	0.950	
 276 	  3  	  3  	0.015	0.027	0.033	0.925	
 277 	  3  	  3  	0.020	0.061	0.031	0.889	
 278 	  3  	  3  	0.014	0.035	0.018	0.932	
 279 	  3  	  3  	0.010	0.024	0.022	0.943	
 280 	  3  	  3  	0.015	0.025	0.031	0.928	
 281 	  3  	  3  	0.019	0.080	0.031	0.869	
 282 	  3  	  3  	0.005	0.032	0.021	0.943	
 283 	  3  	  3  	0.007	0.032	0.026	0.936	
 284 	  3  	  3  	0.014	0.020	0.019	0.947	
 285 	  3  	  3  	0.011	0.055	0.044	0.891	
 286 	  3  	  3  	0.009	0.074	0.020	0.896	
 287 	  3  	  3  	0.105	0.087	0.057	0.750	
 288 	  3  	  3  	0.009	0.022	0.021	0.948	
 289 	  3  	  3  	0.017	0.013	0.043	0.927	
 290 	  3  	  3  	0.007	0.174	0.037	0.782	
 291 	  3  	  3  	0.016	0.007	0.006	0.971	
 292 	  3  	  3  	0.010	0.018	0.013	0.959	
 293 	  3  	  3  	0.011	0.014	0.031	0.944	
 294 	  3  	  3  	0.013	0.012	0.014	0.960	
 295 	  3  	  3  	0.011	0.029	0.029	0.931	
 296 	  3  	  3  	0.028	0.051	0.034	0.887	
 297 	  3  	  3  	0.009	0.016	0.029	0.946	
 298 	  3  	  3  	0.009	0.012	0.022	0.956	
 299 	  3  	  3  	0.010	0.018	0.030	0.942	
 300 	  3  	  3  	0.065	0.025	0.030	0.879	
 301 	  3  	  3  	0.011	0.035	0.009	0.944	
 302 	  3  	  3  	0.013	0.021	0.020	0.947	
 303 	  3  	  3  	0.014	0.038	0.022	0.926	
 304 	  3  	  3  	0.013	0.024	0.020	0.942	
 305 	  3  	  3  	0.011	0.017	0.034	0.939	
 306 	  3  	  3  	0.008	0.012	0.014	0.966	
 307 	  3  	  3  	0.011	0.028	0.023	0.938	
 308 	  3  	  3  	0.010	0.022	0.020	0.948	
 309 	  3  	  3  	0.013	0.018	0.035	0.933	
 310 	  3  	  3  	0.014	0.025	0.028	0.933	
 311 	  3  	  3  	0.012	0.025	0.029	0.934	
 312 	  3  	  3  	0.013	0.024	0.023	0.940	
 313 	  3  	  3  	0.009	0.014	0.012	0.966	
 314 	  3  	  3  	0.007	0.010	0.017	0.965	
 315 	  3  	  3  	0.018	0.018	0.013	0.951	
 316 	  3  	  3  	0.018	0.011	0.016	0.955	
 317 	  3  	  3  	0.018	0.011	0.060	0.911	
 318 	  3  	  3  	0.024	0.028	0.017	0.932	
 319 	  3  	  3  	0.015	0.017	0.015	0.953	
 320 	  3  	  3  	0.020	0.005	0.020	0.955	
 321 	  3  	  3  	0.016	0.020	0.027	0.937	
 322 	  3  	  3  	0.014	0.100	0.023	0.863	
 323 	  3  	  3  	0.026	0.016	0.011	0.947	
 324 	  3  	  3  	0.012	0.005	0.013	0.970	
 325 	  3  	  3  	0.008	0.014	0.024	0.953	
 326 	  3  	  3  	0.012	0.018	0.026	0.944	
 327 	  3  	  3  	0.073	0.048	0.046	0.834	
 328 	  3  	  3  	0.011	0.019	0.009	0.961	
 329 	  3  	  3  	0.019	0.032	0.020	0.929	
 330 	  3  	  3  	0.015	0.042	0.010	0.933	
 331 	  3  	  3  	0.016	0.029	0.022	0.933	
 332 	  3  	  3  	0.017	0.006	0.020	0.957	
 333 	  3  	  3  	0.023	0.021	0.029	0.926	
 334 	  3  	  3  	0.036	0.020	0.034	0.910	
 335 	  3  	  3  	0.030	0.021	0.018	0.931	
 336 	  3  	  3  	0.042	0.007	0.034	0.917	
 337 	  3  	  3  	0.008	0.014	0.019	0.959	
 338 	  3  	  3  	0.015	0.036	0.154	0.795	
 339 	  3  	  3  	0.006	0.029	0.048	0.916	
 340 	  3  	  3  	0.033	0.012	0.018	0.936	
 341 	  3  	  3  	0.016	0.016	0.023	0.945	
 342 	  3  	  3  	0.017	0.065	0.010	0.908	
 343 	  3  	  3  	0.021	0.105	0.033	0.841	
 344 	  3  	  3  	0.008	0.011	0.035	0.947	
 345 	  3  	  3  	0.011	0.015	0.015	0.959	
 346 	  3  	  3  	0.011	0.013	0.016	0.960	
 347 	  3  	  3  	0.008	0.013	0.032	0.946	
 348 	  3  	  3  	0.019	0.017	0.018	0.945	
 349 	  3  	  3  	0.019	0.073	0.042	0.866	
 350 	  3  	  3  	0.014	0.022	0.066	0.898	
 351 	  3  	  3  	0.027	0.030	0.071	0.872	
 352 	  3  	  3  	0.008	0.010	0.024	0.958	
 353 	  3  	  3  	0.009	0.028	0.020	0.943	
 354 	  3  	  3  	0.026	0.022	0.051	0.901	
 355 	  3  	  3  	0.007	0.009	0.027	0.956	
 356 	  3  	  3  	0.007	0.018	0.023	0.951	
 357 	  3  	  3  	0.016	0.038	0.077	0.869	
 358 	  3  	  3  	0.005	0.037	0.038	0.920	
 359 	  3  	  3  	0.019	0.035	0.021	0.925	
 360 	  3  	  3  	0.005	0.020	0.031	0.945	
 361 	  3  	  3  	0.013	0.017	0.018	0.952	
 362 	  3  	  3  	0.007	0.016	0.019	0.957	
 363 	  3  	  3  	0.006	0.021	0.029	0.945	
 364 	  3  	  3  	0.014	0.023	0.028	0.936	
 365 	  3  	  3  	0.007	0.017	0.021	0.955	
 366 	  3  	  3  	0.010	0.020	0.044	0.926	
 367 	  3  	  3  	0.007	0.019	0.030	0.944	
 368 	  3  	  3  	0.011	0.014	0.030	0.945	
 369 	  3  	  3  	0.012	0.018	0.052	0.917	
 370 	  3  	  3  	0.007	0.017	0.021	0.955	
 371 	  3  	  3  	0.010	0.020	0.044	0.926	
 372 	  3  	  3  	0.007	0.016	0.019	0.957	
 373 	  3  	  3  	0.006	0.021	0.029	0.945	
 374 	  3  	  3  	0.014	0.023	0.028	0.936	
 375 	  3  	  3  	0.014	0.033	0.042	0.911	
 376 	  3  	  3  	0.010	0.017	0.056	0.916	
 377 	  3  	  3  	0.007	0.015	0.024	0.954	
 378 	  3  	  3  	0.016	0.016	0.020	0.949	
 379 	  3  	  3  	0.009	0.033	0.019	0.939	
 380 	  3  	  3  	0.008	0.014	0.032	0.946	
 381 	  3  	  3  	0.019	0.017	0.025	0.939	
 382 	  3  	  3  	0.008	0.023	0.021	0.948	
 383 	  3  	  3  	0.009	0.035	0.019	0.937	
 384 	  3  	  3  	0.024	0.024	0.048	0.904	
 385 	  3  	  3  	0.008	0.010	0.024	0.958	
 386 	  3  	  3  	0.009	0.028	0.020	0.943	
 387 	  3  	  3  	0.026	0.022	0.051	0.901	
 388 	  3  	  3  	0.011	0.031	0.017	0.940	
 389 	  3  	  3  	0.011	0.045	0.013	0.931	
 390 	  3  	  3  	0.029	0.038	0.045	0.888	
 391 	  3  	  3  	0.008	0.027	0.020	0.944	
 392 	  3  	  3  	0.010	0.032	0.014	0.944	
 393 	  3  	  3  	0.021	0.041	0.048	0.891	
 394 	  3  	  3  	0.009	0.022	0.016	0.953	
 395 	  3  	  3  	0.009	0.038	0.014	0.939	
 396 	  3  	  3  	0.008	0.073	0.044	0.876	
 397 	  3  	  3  	0.011	0.027	0.019	0.942	
 398 	  3  	  3  	0.008	0.035	0.014	0.942	
 399 	  3  	  3  	0.029	0.077	0.088	0.806	
 400 	  3  	  3  	0.008	0.023	0.023	0.946	
 401 	  3  	  3  	0.010	0.034	0.021	0.935	
 402 	  3  	  3  	0.024	0.048	0.060	0.868	
 403 	  3  	  3  	0.007	0.009	0.027	0.956	
 404 	  3  	  3  	0.007	0.018	0.023	0.951	
 405 	  3  	  3  	0.016	0.038	0.077	0.869	
 406 	  3  	  3  	0.012	0.021	0.011	0.956	
 407 	  3  	  3  	0.012	0.022	0.012	0.955	
 408 	  3  	  3  	0.012	0.021	0.011	0.956	
 409 	  3  	  3  	0.008	0.043	0.033	0.917	
 410 	  3  	  3  	0.011	0.021	0.011	0.957	
 411 	  3  	  3  	0.007	0.014	0.020	0.958	
 412 	  3  	  3  	0.013	0.020	0.020	0.946	
 413 	  3  	  3  	0.012	0.027	0.028	0.933	
 414 	  3  	  3  	0.013	0.021	0.017	0.949	
 415 	  3  	  3  	0.014	0.019	0.020	0.947	
 416 	  3  	  3  	0.018	0.025	0.057	0.900	
 417 	  3  	  3  	0.010	0.018	0.016	0.956	
 418 	  3  	  3  	0.013	0.018	0.027	0.942	
 419 	  3  	  3  	0.011	0.026	0.036	0.927	
 420 	  3  	  3  	0.012	0.020	0.016	0.952	
 421 	  3  	  3  	0.011	0.013	0.028	0.948	
 422 	  3  	  3  	0.022	0.023	0.057	0.898	
 423 	  3  	  3  	0.011	0.022	0.030	0.937	
 424 	  3  	  3  	0.012	0.017	0.025	0.946	
 425 	  3  	  3  	0.009	0.024	0.028	0.940	
 426 	  3  	  3  	0.014	0.025	0.039	0.922	
 427 	  3  	  3  	0.006	0.032	0.035	0.927	
 428 	  3  	  3  	0.027	0.029	0.032	0.912	
 429 	  3  	  3  	0.008	0.025	0.031	0.935	
 430 	  3  	  3  	0.013	0.017	0.021	0.949	
 431 	  3  	  3  	0.007	0.041	0.007	0.944	
 432 	  3  	  3  	0.009	0.041	0.006	0.944	
 433 	  3  	  3  	0.007	0.027	0.037	0.928	
 434 	  3  	  3  	0.008	0.036	0.038	0.917	
 435 	  3  	  3  	0.007	0.027	0.037	0.928	
 436 	  3  	  3  	0.008	0.036	0.038	0.917	
 437 	  3  	  3  	0.060	0.026	0.061	0.853	
 438 	  3  	  3  	0.058	0.028	0.062	0.853	
 439 	  3  	  3  	0.008	0.034	0.022	0.936	
 440 	  3  	  3  	0.010	0.025	0.018	0.947	
 441 	  3  	  3  	0.013	0.027	0.025	0.935	
 442 	  3  	  3  	0.009	0.037	0.021	0.933	
 443 	  3  	  3  	0.017	0.026	0.026	0.932	
 444 	  3  	  3  	0.011	0.017	0.017	0.955	
 445 	  3  	  3  	0.008	0.040	0.022	0.930	
 446 	  3  	  3  	0.014	0.036	0.020	0.930	
 447 	  3  	  3  	0.009	0.017	0.016	0.958	
 448 	  3  	  3  	0.007	0.020	0.041	0.932	
 449 	  3  	  3  	0.008	0.021	0.014	0.958	
 450 	  3  	  3  	0.009	0.017	0.016	0.958	
 451 	  3  	  3  	0.007	0.020	0.041	0.932	
 452 	  3  	  3  	0.008	0.021	0.014	0.958	
 453 	  3  	  3  	0.011	0.017	0.017	0.955	
 454 	  3  	  3  	0.008	0.040	0.022	0.930	
 455 	  3  	  3  	0.014	0.036	0.020	0.930	
 456 	  3  	  3  	0.016	0.035	0.031	0.918	
 457 	  3  	  3  	0.018	0.052	0.040	0.889	
 458 	  3  	  3  	0.032	0.044	0.040	0.884	
 459 	  3  	  3  	0.011	0.013	0.016	0.960	
 460 	  3  	  3  	0.009	0.075	0.017	0.898	
 461 	  3  	  3  	0.016	0.027	0.026	0.931	
 462 	  3  	  3  	0.059	0.029	0.022	0.890	
 463 	  3  	  3  	0.016	0.011	0.013	0.960	
 464 	  3  	  3  	0.008	0.073	0.015	0.904	
 465 	  3  	  3  	0.054	0.024	0.023	0.899	
 466 	  3  	  3  	0.012	0.010	0.025	0.953	
 467 	  3  	  3  	0.008	0.010	0.017	0.964	
 468 	  3  	  3  	0.012	0.031	0.029	0.928	
 469 	  3  	  3  	0.013	0.022	0.013	0.953	
 470 	  3  	  3  	0.016	0.055	0.034	0.894	
 471 	  3  	  3  	0.008	0.172	0.027	0.793	
 472 	  3  	  3  	0.009	0.037	0.018	0.936	
 473 	  3  	  3  	0.014	0.009	0.029	0.947	
 474 	  3  	  3  	0.007	0.143	0.037	0.814	
 475 	  3  	  3  	0.020	0.007	0.043	0.930	
 476 	  3  	  3  	0.028	0.021	0.021	0.929	
 477 	  3  	  3  	0.011	0.085	0.063	0.841	
 478 	  3  	  3  	0.017	0.014	0.029	0.940	
 479 	  3  	  3  	0.021	0.012	0.037	0.930	
 480 	  3  	  3  	0.009	0.009	0.039	0.943	
 481 	  3  	  3  	0.030	0.121	0.012	0.836	
 482 	  3  	  3  	0.029	0.091	0.023	0.858	
 483 	  3  	  3  	0.010	0.017	0.035	0.939	
 484 	  3  	  3  	0.011	0.011	0.032	0.947	
 485 	  3  	  3  	0.014	0.021	0.023	0.942	
 486 	  3  	  3  	0.011	0.003	0.013	0.972	
 487 	  3  	  3  	0.009	0.010	0.048	0.933	
 488 	  3  	  3  	0.009	0.016	0.017	0.958	
 489 	  3  	  3  	0.023	0.011	0.037	0.929	
 490 	  3  	  3  	0.023	0.021	0.019	0.938	
 491 	  3  	  3  	0.026	0.042	0.035	0.897	
 492 	  3  	  3  	0.012	0.090	0.027	0.871	
 493 	  3  	  3  	0.332	0.031	0.076	0.562	
 494 	  3  	  3  	0.027	0.019	0.015	0.940	
 495 	  3  	  3  	0.014	0.037	0.027	0.922	
 496 	  3  	  3  	0.021	0.087	0.010	0.882	
 497 	  3  	  3  	0.224	0.030	0.052	0.695	
 498 	  3  	  3  	0.006	0.024	0.050	0.920	
 499 	  3  	  3  	0.010	0.015	0.030	0.946	
 500 	  3  	  3  	0.030	0.015	0.037	0.918	
 501 	  3  	  3  	0.028	0.013	0.015	0.944	
 502 	  3  	  3  	0.023	0.025	0.024	0.928	
 503 	  3  	  3  	0.012	0.076	0.021	0.890	
 504 	  3  	  3  	0.009	0.019	0.028	0.944	
 505 	  3  	  3  	0.011	0.021	0.022	0.946	
 506 	  3  	  3  	0.011	0.076	0.029	0.884	
 507 	  3  	  3  	0.007	0.010	0.019	0.964	
 508 	  3  	  3  	0.017	0.025	0.021	0.937	
 509 	  3  	  3  	0.010	0.010	0.066	0.914	
 510 	  3  	  3  	0.012	0.005	0.018	0.965	
 511 	  3  	  3  	0.008	0.029	0.026	0.937	
 512 	  3  	  3  	0.011	0.014	0.024	0.951	
 513 	  3  	  3  	0.035	0.093	0.040	0.832	
 514 	  3  	  3  	0.008	0.046	0.036	0.910	
 515 	  3  	  3  	0.347	0.072	0.022	0.559	
 516 	  3  	  3  	0.011	0.073	0.015	0.902	
 517 	  3  	  3  	0.009	0.054	0.030	0.907	
 518 	  3  	  3  	0.307	0.033	0.020	0.640	
 519 	  3  	  3  	0.025	0.068	0.020	0.886	
 520 	  3  	  3  	0.156	0.046	0.018	0.780	
 521 	  3  	  3  	0.419	0.052	0.020	0.509	
 522 	  3  	  3  	0.010	0.076	0.016	0.899	
 523 	  3  	  3  	0.008	0.046	0.036	0.910	
 524 	  3  	  3  	0.401	0.081	0.024	0.495	
 525 	  3  	  3  	0.011	0.073	0.015	0.902	
 526 	  3  	  3  	0.008	0.041	0.033	0.918	
 527 	  3  	  3  	0.414	0.062	0.019	0.505	
 528 	  3  	  3  	0.011	0.071	0.012	0.906	
 529 	  3  	  3  	0.008	0.041	0.033	0.918	
 530 	  3  	  3  	0.414	0.063	0.019	0.504	
 531 	  3  	  3  	0.011	0.071	0.012	0.906	
 532 	  3  	  3  	0.138	0.051	0.018	0.793	
 533 	  0  	  3  	0.547	0.034	0.025	0.393	
 534 	  3  	  3  	0.009	0.068	0.017	0.905	
 535 	  3  	  3  	0.009	0.049	0.023	0.919	
 536 	  3  	  3  	0.313	0.066	0.029	0.591	
 537 	  0  	  3  	0.824	0.095	0.025	0.057	
 538 	  3  	  3  	0.013	0.170	0.018	0.799	
 539 	  0  	  0  	0.970	0.017	0.005	0.008	
 540 	  0  	  0  	0.963	0.012	0.014	0.012	
 541 	  0  	  0  	0.977	0.009	0.006	0.008	
 542 	  0  	  0  	0.970	0.008	0.008	0.014	
 543 	  0  	  0  	0.960	0.006	0.017	0.016	
 544 	  0  	  0  	0.970	0.017	0.005	0.008	
 545 	  0  	  0  	0.963	0.012	0.014	0.012	
 546 	  0  	  0  	0.977	0.009	0.006	0.008	
 547 	  0  	  0  	0.965	0.008	0.016	0.012	
 548 	  0  	  0  	0.971	0.005	0.012	0.011	
 549 	  0  	  0  	0.929	0.040	0.011	0.020	
 550 	  0  	  0  	0.946	0.019	0.013	0.021	
 551 	  0  	  0  	0.909	0.047	0.015	0.029	
 552 	  0  	  0  	0.968	0.007	0.013	0.013	
 553 	  0  	  0  	0.920	0.007	0.039	0.034	
 554 	  0  	  0  	0.989	0.003	0.003	0.005	
 555 	  0  	  0  	0.942	0.006	0.019	0.033	
 556 	  0  	  0  	0.962	0.007	0.016	0.015	
 557 	  0  	  0  	0.959	0.008	0.015	0.018	
 558 	  0  	  0  	0.972	0.008	0.010	0.010	
 559 	  0  	  0  	0.960	0.009	0.017	0.015	
 560 	  0  	  0  	0.973	0.008	0.011	0.009	
 561 	  0  	  0  	0.971	0.010	0.011	0.008	
 562 	  0  	  0  	0.954	0.013	0.007	0.026	
 563 	  0  	  0  	0.939	0.012	0.009	0.041	
 564 	  0  	  0  	0.959	0.016	0.012	0.013	
 565 	  0  	  0  	0.924	0.014	0.011	0.052	
 566 	  0  	  0  	0.842	0.018	0.034	0.106	
 567 	  0  	  0  	0.902	0.032	0.011	0.055	
 568 	  0  	  0  	0.929	0.039	0.020	0.013	
 569 	  0  	  0  	0.937	0.010	0.041	0.012	
 570 	  0  	  0  	0.984	0.004	0.006	0.006	
 571 	  0  	  0  	0.818	0.006	0.035	0.140	
 572 	  0  	  0  	0.919	0.023	0.026	0.032	
 573 	  0  	  0  	0.939	0.021	0.025	0.014	
 574 	  0  	  0  	0.943	0.014	0.035	0.008	
 575 	  0  	  0  	0.989	0.004	0.004	0.003	
 576 	  0  	  0  	0.947	0.024	0.017	0.012	
 577 	  0  	  0  	0.955	0.013	0.023	0.010	
 578 	  0  	  0  	0.983	0.004	0.006	0.007	
 579 	  0  	  0  	0.955	0.011	0.024	0.010	
 580 	  0  	  0  	0.963	0.010	0.017	0.010	
 581 	  0  	  0  	0.954	0.021	0.014	0.011	
 582 	  0  	  0  	0.962	0.014	0.013	0.011	
 583 	  0  	  0  	0.965	0.009	0.016	0.009	
 584 	  0  	  0  	0.960	0.015	0.014	0.011	
 585 	  0  	  0  	0.969	0.012	0.005	0.014	
 586 	  0  	  0  	0.938	0.015	0.010	0.038	
 587 	  0  	  0  	0.939	0.031	0.006	0.023	
 588 	  0  	  0  	0.928	0.017	0.012	0.043	
 589 	  0  	  0  	0.875	0.025	0.021	0.079	
 590 	  0  	  0  	0.923	0.020	0.013	0.045	
 591 	  0  	  0  	0.971	0.014	0.007	0.008	
 592 	  0  	  0  	0.957	0.023	0.012	0.008	
 593 	  0  	  0  	0.961	0.021	0.009	0.010	
 594 	  0  	  0  	0.956	0.029	0.007	0.009	
 595 	  0  	  0  	0.956	0.012	0.020	0.012	
 596 	  0  	  0  	0.965	0.015	0.012	0.008	
 597 	  0  	  0  	0.967	0.012	0.011	0.010	
 598 	  0  	  0  	0.966	0.008	0.017	0.008	
 599 	  0  	  0  	0.952	0.022	0.013	0.013	
 600 	  0  	  0  	0.961	0.016	0.014	0.009	
 601 	  0  	  0  	0.906	0.016	0.048	0.029	
 602 	  0  	  0  	0.816	0.065	0.097	0.023	
 603 	  0  	  0  	0.979	0.007	0.007	0.007	
 604 	  0  	  0  	0.943	0.007	0.029	0.022	
 605 	  0  	  0  	0.949	0.009	0.021	0.021	
 606 	  0  	  0  	0.963	0.008	0.020	0.009	
 607 	  0  	  0  	0.892	0.041	0.017	0.050	
 608 	  0  	  0  	0.932	0.025	0.013	0.029	
 609 	  0  	  0  	0.968	0.005	0.023	0.004	
 610 	  0  	  0  	0.933	0.015	0.009	0.042	
 611 	  0  	  0  	0.916	0.031	0.011	0.041	
 612 	  0  	  0  	0.916	0.030	0.012	0.043	
 613 	  0  	  0  	0.959	0.019	0.008	0.014	
 614 	  0  	  0  	0.964	0.017	0.007	0.012	
 615 	  0  	  0  	0.976	0.009	0.005	0.010	
 616 	  0  	  0  	0.946	0.025	0.016	0.014	
 617 	  0  	  0  	0.969	0.014	0.008	0.009	
 618 	  0  	  0  	0.977	0.011	0.007	0.006	
 619 	  0  	  0  	0.979	0.008	0.008	0.006	
 620 	  0  	  0  	0.935	0.006	0.022	0.037	
 621 	  0  	  0  	0.967	0.009	0.015	0.009	
 622 	  0  	  0  	0.970	0.008	0.014	0.009	
 623 	  0  	  0  	0.968	0.009	0.015	0.008	
 624 	  0  	  0  	0.967	0.011	0.012	0.011	
 625 	  0  	  0  	0.974	0.006	0.011	0.009	
 626 	  0  	  0  	0.974	0.005	0.014	0.006	
 627 	  0  	  0  	0.973	0.008	0.010	0.009	
 628 	  0  	  0  	0.974	0.009	0.008	0.009	
 629 	  0  	  0  	0.976	0.007	0.010	0.007	
 630 	  0  	  0  	0.973	0.007	0.012	0.008	
 631 	  0  	  0  	0.946	0.018	0.021	0.015	
 632 	  0  	  0  	0.963	0.011	0.011	0.014	
 633 	  0  	  0  	0.864	0.053	0.026	0.057	
 634 	  0  	  0  	0.974	0.006	0.011	0.010	
 635 	  0  	  0  	0.927	0.030	0.013	0.030	
 636 	  0  	  0  	0.933	0.028	0.011	0.028	
 637 	  0  	  0  	0.981	0.006	0.008	0.006	
 638 	  0  	  0  	0.952	0.007	0.020	0.021	
 639 	  0  	  0  	0.952	0.011	0.027	0.010	
 640 	  0  	  0  	0.953	0.007	0.022	0.018	
 641 	  0  	  0  	0.965	0.007	0.018	0.009	
 642 	  0  	  0  	0.893	0.019	0.065	0.024	
 643 	  0  	  0  	0.962	0.006	0.015	0.018	
 644 	  0  	  0  	0.913	0.011	0.068	0.009	
 645 	  0  	  0  	0.951	0.006	0.033	0.011	
 646 	  0  	  0  	0.948	0.021	0.024	0.008	
 647 	  0  	  0  	0.962	0.014	0.014	0.009	
 648 	  0  	  0  	0.950	0.019	0.021	0.010	
 649 	  0  	  0  	0.880	0.014	0.093	0.012	
 650 	  0  	  0  	0.959	0.021	0.014	0.006	
 651 	  0  	  0  	0.943	0.027	0.019	0.010	
 652 	  0  	  0  	0.944	0.013	0.033	0.009	
 653 	  0  	  0  	0.929	0.014	0.021	0.036	
 654 	  0  	  0  	0.961	0.017	0.013	0.008	
 655 	  0  	  0  	0.931	0.014	0.021	0.033	
 656 	  0  	  0  	0.931	0.023	0.018	0.027	
 657 	  0  	  0  	0.948	0.019	0.016	0.017	
 658 	  0  	  0  	0.943	0.017	0.018	0.022	
 659 	  0  	  0  	0.977	0.013	0.004	0.006	
 660 	  0  	  0  	0.953	0.027	0.011	0.009	
 661 	  0  	  0  	0.964	0.017	0.011	0.008	
 662 	  0  	  0  	0.944	0.032	0.013	0.012	
 663 	  0  	  0  	0.942	0.037	0.011	0.011	
 664 	  0  	  0  	0.956	0.019	0.013	0.012	
 665 	  0  	  0  	0.967	0.008	0.011	0.013	
 666 	  0  	  0  	0.961	0.007	0.016	0.016	
 667 	  0  	  0  	0.960	0.012	0.013	0.015	
 668 	  0  	  0  	0.966	0.008	0.012	0.014	
 669 	  0  	  0  	0.960	0.016	0.009	0.014	
 670 	  0  	  0  	0.955	0.014	0.012	0.019	
 671 	  0  	  0  	0.955	0.014	0.014	0.017	
 672 	  0  	  0  	0.971	0.009	0.008	0.012	
 673 	  0  	  0  	0.959	0.012	0.010	0.019	
 674 	  0  	  0  	0.965	0.008	0.012	0.015	
 675 	  0  	  0  	0.979	0.009	0.006	0.007	
 676 	  0  	  0  	0.980	0.007	0.008	0.005	
 677 	  0  	  0  	0.953	0.006	0.016	0.025	
 678 	  0  	  0  	0.960	0.007	0.016	0.017	
 679 	  0  	  0  	0.966	0.006	0.018	0.010	
 680 	  0  	  0  	0.980	0.005	0.006	0.008	
 681 	  0  	  0  	0.925	0.038	0.016	0.021	
 682 	  0  	  0  	0.961	0.014	0.010	0.015	
 683 	  0  	  0  	0.958	0.015	0.014	0.014	
 684 	  0  	  0  	0.956	0.012	0.016	0.016	
 685 	  0  	  0  	0.942	0.035	0.009	0.014	
 686 	  0  	  0  	0.932	0.010	0.030	0.028	
 687 	  0  	  0  	0.889	0.015	0.059	0.037	
 688 	  0  	  0  	0.949	0.009	0.015	0.027	
 689 	  0  	  0  	0.929	0.014	0.021	0.036	
 690 	  0  	  0  	0.961	0.017	0.013	0.008	
 691 	  0  	  0  	0.931	0.014	0.021	0.033	
 692 	  0  	  0  	0.955	0.029	0.010	0.006	
 693 	  0  	  0  	0.958	0.022	0.014	0.007	
 694 	  0  	  0  	0.956	0.021	0.012	0.011	
 695 	  0  	  0  	0.812	0.158	0.019	0.011	
 696 	  0  	  0  	0.962	0.019	0.012	0.006	
 697 	  0  	  0  	0.959	0.020	0.011	0.010	
 698 	  0  	  0  	0.938	0.012	0.022	0.028	
 699 	  0  	  0  	0.924	0.043	0.018	0.015	
 700 	  0  	  0  	0.935	0.012	0.019	0.034	
 701 	  0  	  0  	0.931	0.023	0.018	0.027	
 702 	  0  	  0  	0.948	0.019	0.016	0.017	
 703 	  0  	  0  	0.943	0.017	0.018	0.022	
 704 	  0  	  0  	0.981	0.005	0.007	0.007	
 705 	  0  	  0  	0.950	0.026	0.013	0.011	
 706 	  0  	  0  	0.953	0.016	0.014	0.016	
 707 	  0  	  0  	0.848	0.076	0.052	0.024	
 708 	  0  	  0  	0.957	0.019	0.013	0.011	
 709 	  0  	  0  	0.951	0.019	0.015	0.015	
 710 	  0  	  0  	0.908	0.017	0.053	0.022	
 711 	  0  	  0  	0.928	0.019	0.038	0.016	
 712 	  0  	  0  	0.981	0.005	0.007	0.007	
 713 	  0  	  0  	0.939	0.020	0.029	0.011	
 714 	  0  	  0  	0.980	0.005	0.008	0.007	
 715 	  0  	  0  	0.950	0.006	0.027	0.016	
 716 	  0  	  0  	0.949	0.021	0.014	0.017	
 717 	  0  	  0  	0.982	0.004	0.008	0.006	
 718 	  0  	  0  	0.976	0.005	0.008	0.011	
 719 	  0  	  0  	0.970	0.004	0.013	0.013	
 720 	  0  	  0  	0.975	0.007	0.009	0.009	
 721 	  0  	  0  	0.935	0.025	0.012	0.027	
 722 	  0  	  0  	0.974	0.008	0.008	0.009	
 723 	  0  	  0  	0.955	0.021	0.008	0.017	
 724 	  0  	  0  	0.974	0.009	0.006	0.010	
 725 	  0  	  0  	0.925	0.040	0.024	0.011	
 726 	  0  	  0  	0.975	0.014	0.005	0.006	
 727 	  0  	  0  	0.966	0.019	0.009	0.007	
 728 	  0  	  0  	0.964	0.013	0.017	0.006	
 729 	  0  	  0  	0.969	0.011	0.010	0.009	
 730 	  0  	  0  	0.964	0.017	0.009	0.010	
 731 	  0  	  0  	0.976	0.010	0.010	0.004	
 732 	  0  	  0  	0.962	0.021	0.010	0.006	
 733 	  0  	  0  	0.952	0.017	0.021	0.010	
 734 	  0  	  0  	0.966	0.010	0.014	0.010	
 735 	  0  	  0  	0.977	0.012	0.005	0.006	
 736 	  0  	  0  	0.947	0.020	0.020	0.013	
 737 	  0  	  0  	0.976	0.008	0.011	0.005	
 738 	  0  	  0  	0.942	0.031	0.007	0.021	
 739 	  0  	  0  	0.966	0.013	0.017	0.003	
 740 	  0  	  0  	0.965	0.014	0.017	0.004	
 741 	  0  	  0  	0.957	0.019	0.008	0.016	
 742 	  0  	  0  	0.913	0.021	0.032	0.034	
 743 	  0  	  0  	0.880	0.032	0.059	0.029	
 744 	  0  	  0  	0.954	0.019	0.014	0.013	
 745 	  0  	  0  	0.933	0.015	0.011	0.042	
 746 	  0  	  0  	0.902	0.025	0.042	0.031	
 747 	  0  	  0  	0.938	0.013	0.018	0.031	
 748 	  0  	  0  	0.961	0.015	0.010	0.014	
 749 	  0  	  0  	0.965	0.009	0.011	0.015	
 750 	  0  	  0  	0.958	0.018	0.010	0.013	
 751 	  0  	  0  	0.970	0.012	0.012	0.006	
 752 	  0  	  0  	0.986	0.003	0.009	0.002	
 753 	  0  	  0  	0.965	0.009	0.011	0.015	
 754 	  0  	  0  	0.955	0.010	0.014	0.021	
 755 	  0  	  0  	0.983	0.004	0.009	0.004	
 756 	  0  	  0  	0.958	0.018	0.010	0.013	
 757 	  0  	  0  	0.968	0.009	0.017	0.006	
 758 	  0  	  0  	0.965	0.014	0.013	0.008	
 759 	  0  	  0  	0.964	0.013	0.009	0.015	
 760 	  0  	  0  	0.975	0.008	0.013	0.003	
 761 	  0  	  0  	0.975	0.011	0.009	0.004	
 762 	  0  	  0  	0.954	0.021	0.011	0.014	
 763 	  0  	  0  	0.969	0.008	0.013	0.011	
 764 	  0  	  0  	0.965	0.009	0.013	0.014	
 765 	  0  	  0  	0.918	0.017	0.050	0.016	
 766 	  0  	  0  	0.934	0.016	0.023	0.028	
 767 	  0  	  0  	0.888	0.014	0.076	0.022	
 768 	  0  	  0  	0.929	0.016	0.025	0.030	
 769 	  0  	  0  	0.949	0.022	0.011	0.019	
 770 	  0  	  0  	0.943	0.023	0.010	0.024	
 771 	  0  	  0  	0.969	0.008	0.013	0.011	
 772 	  0  	  0  	0.947	0.020	0.010	0.022	
 773 	  0  	  0  	0.965	0.009	0.013	0.014	
 774 	  0  	  0  	0.920	0.010	0.044	0.026	
 775 	  0  	  0  	0.936	0.012	0.032	0.019	
 776 	  0  	  0  	0.918	0.017	0.050	0.016	
 777 	  0  	  0  	0.934	0.016	0.023	0.028	
 778 	  0  	  0  	0.938	0.010	0.036	0.016	
 779 	  0  	  0  	0.888	0.014	0.076	0.022	
 780 	  0  	  0  	0.929	0.016	0.025	0.030	
 781 	  0  	  0  	0.944	0.027	0.021	0.007	
 782 	  0  	  0  	0.946	0.019	0.027	0.008	
 783 	  0  	  0  	0.966	0.014	0.008	0.013	
 784 	  0  	  0  	0.966	0.012	0.016	0.006	
 785 	  0  	  0  	0.947	0.024	0.025	0.004	
 786 	  0  	  0  	0.962	0.020	0.005	0.013	
 787 	  0  	  0  	0.918	0.020	0.009	0.053	
 788 	  0  	  0  	0.933	0.024	0.005	0.038	
 789 	  0  	  0  	0.913	0.047	0.015	0.026	
 790 	  0  	  0  	0.961	0.016	0.013	0.011	
 791 	  0  	  0  	0.965	0.013	0.013	0.009	
 792 	  0  	  0  	0.924	0.006	0.045	0.024	
 793 	  0  	  0  	0.989	0.003	0.003	0.005	
 794 	  0  	  0  	0.598	0.015	0.079	0.309	
 795 	  0  	  0  	0.892	0.040	0.019	0.049	
 796 	  0  	  0  	0.973	0.011	0.011	0.006	
 797 	  0  	  0  	0.947	0.006	0.014	0.033	
 798 	  0  	  0  	0.977	0.011	0.006	0.006	
 799 	  0  	  0  	0.489	0.036	0.091	0.385	
 800 	  0  	  0  	0.979	0.009	0.006	0.006	
 801 	  0  	  0  	0.524	0.032	0.085	0.359	
 802 	  0  	  0  	0.965	0.013	0.009	0.013	
 803 	  0  	  0  	0.970	0.008	0.008	0.014	
 804 	  0  	  0  	0.960	0.009	0.015	0.016	
 805 	  0  	  0  	0.955	0.004	0.027	0.014	
 806 	  0  	  0  	0.978	0.006	0.010	0.007	
 807 	  0  	  0  	0.964	0.010	0.007	0.019	
 808 	  0  	  0  	0.951	0.024	0.016	0.009	
 809 	  0  	  0  	0.924	0.009	0.053	0.013	
 810 	  0  	  0  	0.991	0.004	0.003	0.002	
 811 	  0  	  0  	0.960	0.012	0.012	0.016	
 812 	  0  	  0  	0.959	0.014	0.015	0.012	
 813 	  0  	  0  	0.886	0.054	0.016	0.043	
 814 	  0  	  0  	0.972	0.008	0.009	0.011	
 815 	  0  	  0  	0.968	0.011	0.008	0.013	
 816 	  0  	  0  	0.979	0.004	0.010	0.007	
 817 	  0  	  0  	0.937	0.006	0.035	0.022	
 818 	  0  	  0  	0.984	0.004	0.006	0.006	
 819 	  0  	  0  	0.985	0.008	0.003	0.005	
 820 	  0  	  0  	0.965	0.011	0.009	0.016	
 821 	  0  	  0  	0.971	0.007	0.009	0.012	
 822 	  0  	  0  	0.966	0.008	0.012	0.014	
 823 	  0  	  0  	0.954	0.008	0.016	0.021	
 824 	  0  	  0  	0.969	0.006	0.008	0.016	
 825 	  0  	  0  	0.962	0.007	0.014	0.017	
 826 	  0  	  0  	0.977	0.011	0.005	0.006	
 827 	  0  	  0  	0.978	0.007	0.008	0.007	
 828 	  0  	  0  	0.979	0.005	0.008	0.007	
 829 	  0  	  0  	0.954	0.012	0.011	0.023	
 830 	  0  	  0  	0.955	0.020	0.016	0.009	
 831 	  0  	  0  	0.951	0.015	0.023	0.011	
 832 	  0  	  0  	0.925	0.015	0.025	0.035	
 833 	  0  	  0  	0.959	0.012	0.012	0.016	
 834 	  0  	  0  	0.961	0.014	0.013	0.012	
 835 	  0  	  0  	0.923	0.032	0.020	0.025	
 836 	  0  	  0  	0.972	0.014	0.007	0.006	
 837 	  0  	  0  	0.940	0.018	0.023	0.019	
 838 	  0  	  0  	0.979	0.009	0.006	0.006	
 839 	  0  	  0  	0.977	0.007	0.009	0.007	
 840 	  0  	  0  	0.540	0.043	0.097	0.320	
 841 	  0  	  0  	0.976	0.006	0.009	0.009	
 842 	  0  	  0  	0.920	0.024	0.032	0.025	
 843 	  0  	  0  	0.880	0.092	0.023	0.006	
 844 	  0  	  0  	0.890	0.078	0.013	0.020	
 845 	  0  	  0  	0.913	0.065	0.017	0.004	
 846 	  0  	  0  	0.860	0.105	0.027	0.008	
 847 	  0  	  0  	0.646	0.322	0.023	0.010	
 848 	  0  	  0  	0.889	0.012	0.050	0.049	
 849 	  0  	  0  	0.646	0.322	0.023	0.010	
 850 	  0  	  0  	0.889	0.012	0.050	0.049	
 851 	  0  	  0  	0.789	0.187	0.016	0.009	
 852 	  0  	  0  	0.883	0.012	0.045	0.061	
 853 	  0  	  0  	0.946	0.044	0.008	0.003	
 854 	  0  	  0  	0.580	0.023	0.065	0.331	
