  no	pred	real	Good	Contact	Radius	Hole
  0  	  1  	  1  	0.014	0.932	0.023	0.031	
  1  	  1  	  1  	0.018	0.928	0.028	0.026	
  2  	  1  	  1  	0.014	0.924	0.029	0.033	
  3  	  1  	  1  	0.018	0.931	0.023	0.028	
  4  	  1  	  1  	0.014	0.932	0.023	0.031	
  5  	  1  	  1  	0.018	0.928	0.028	0.026	
  6  	  1  	  1  	0.021	0.892	0.055	0.032	
  7  	  1  	  1  	0.007	0.934	0.032	0.027	
  8  	  1  	  1  	0.015	0.925	0.027	0.033	
  9  	  1  	  1  	0.022	0.905	0.046	0.026	
 10  	  1  	  1  	0.015	0.904	0.055	0.026	
 11  	  1  	  1  	0.019	0.904	0.050	0.027	
 12  	  1  	  1  	0.024	0.879	0.063	0.034	
 13  	  1  	  1  	0.004	0.930	0.029	0.037	
 14  	  1  	  1  	0.013	0.922	0.030	0.035	
 15  	  1  	  1  	0.028	0.915	0.038	0.019	
 16  	  1  	  1  	0.017	0.917	0.044	0.023	
 17  	  1  	  1  	0.011	0.913	0.044	0.031	
 18  	  1  	  1  	0.021	0.918	0.039	0.021	
 19  	  1  	  1  	0.019	0.928	0.032	0.022	
 20  	  1  	  1  	0.014	0.940	0.027	0.019	
 21  	  1  	  1  	0.009	0.946	0.024	0.020	
 22  	  1  	  1  	0.026	0.892	0.039	0.042	
 23  	  1  	  1  	0.017	0.919	0.034	0.030	
 24  	  1  	  1  	0.016	0.913	0.047	0.024	
 25  	  1  	  1  	0.023	0.898	0.058	0.021	
 26  	  1  	  1  	0.017	0.921	0.043	0.019	
 27  	  1  	  1  	0.013	0.929	0.035	0.022	
 28  	  1  	  1  	0.022	0.935	0.021	0.022	
 29  	  1  	  1  	0.016	0.930	0.030	0.024	
 30  	  1  	  1  	0.016	0.925	0.036	0.023	
 31  	  1  	  1  	0.015	0.911	0.051	0.022	
 32  	  1  	  1  	0.015	0.930	0.033	0.021	
 33  	  1  	  1  	0.013	0.933	0.033	0.021	
 34  	  1  	  1  	0.015	0.921	0.046	0.017	
 35  	  1  	  1  	0.016	0.924	0.038	0.021	
 36  	  1  	  1  	0.019	0.930	0.032	0.020	
 37  	  1  	  1  	0.016	0.938	0.018	0.028	
 38  	  1  	  1  	0.017	0.917	0.041	0.025	
 39  	  1  	  1  	0.022	0.918	0.025	0.035	
 40  	  1  	  1  	0.013	0.914	0.042	0.031	
 41  	  1  	  1  	0.010	0.933	0.021	0.036	
 42  	  1  	  1  	0.016	0.938	0.018	0.028	
 43  	  1  	  1  	0.022	0.918	0.025	0.035	
 44  	  1  	  1  	0.013	0.914	0.042	0.031	
 45  	  1  	  1  	0.010	0.933	0.021	0.036	
 46  	  1  	  1  	0.015	0.930	0.026	0.028	
 47  	  1  	  1  	0.021	0.911	0.031	0.037	
 48  	  1  	  1  	0.012	0.919	0.038	0.031	
 49  	  1  	  1  	0.012	0.930	0.023	0.035	
 50  	  1  	  1  	0.019	0.929	0.030	0.022	
 51  	  1  	  1  	0.018	0.910	0.041	0.031	
 52  	  1  	  1  	0.018	0.908	0.042	0.032	
 53  	  1  	  1  	0.012	0.929	0.028	0.031	
 54  	  1  	  1  	0.018	0.910	0.041	0.031	
 55  	  1  	  1  	0.018	0.908	0.042	0.032	
 56  	  1  	  1  	0.012	0.929	0.028	0.031	
 57  	  1  	  1  	0.015	0.933	0.024	0.028	
 58  	  1  	  1  	0.018	0.916	0.032	0.035	
 59  	  1  	  1  	0.013	0.913	0.042	0.031	
 60  	  1  	  1  	0.012	0.930	0.021	0.037	
 61  	  1  	  1  	0.007	0.919	0.047	0.027	
 62  	  1  	  1  	0.019	0.925	0.038	0.019	
 63  	  1  	  1  	0.014	0.931	0.032	0.024	
 64  	  1  	  1  	0.007	0.919	0.047	0.027	
 65  	  1  	  1  	0.030	0.906	0.037	0.027	
 66  	  1  	  1  	0.016	0.899	0.043	0.041	
 67  	  1  	  1  	0.018	0.897	0.061	0.024	
 68  	  1  	  1  	0.019	0.927	0.023	0.030	
 69  	  1  	  1  	0.022	0.870	0.078	0.030	
 70  	  1  	  1  	0.017	0.917	0.046	0.019	
 71  	  1  	  1  	0.015	0.937	0.029	0.019	
 72  	  1  	  1  	0.010	0.923	0.034	0.032	
 73  	  1  	  1  	0.015	0.927	0.038	0.020	
 74  	  1  	  1  	0.009	0.923	0.036	0.032	
 75  	  1  	  1  	0.015	0.863	0.095	0.027	
 76  	  1  	  1  	0.010	0.930	0.032	0.028	
 77  	  1  	  1  	0.009	0.925	0.035	0.030	
 78  	  1  	  1  	0.007	0.896	0.056	0.040	
 79  	  1  	  1  	0.006	0.926	0.040	0.027	
 80  	  1  	  1  	0.008	0.927	0.037	0.027	
 81  	  1  	  1  	0.008	0.919	0.039	0.034	
 82  	  1  	  1  	0.015	0.921	0.039	0.025	
 83  	  1  	  1  	0.018	0.915	0.037	0.030	
 84  	  1  	  1  	0.017	0.912	0.051	0.021	
 85  	  1  	  1  	0.010	0.954	0.015	0.021	
 86  	  1  	  1  	0.021	0.914	0.045	0.019	
 87  	  1  	  1  	0.017	0.911	0.042	0.030	
 88  	  1  	  1  	0.016	0.925	0.040	0.019	
 89  	  1  	  1  	0.010	0.953	0.014	0.023	
 90  	  1  	  1  	0.011	0.931	0.022	0.036	
 91  	  1  	  1  	0.015	0.925	0.034	0.027	
 92  	  1  	  1  	0.020	0.912	0.032	0.036	
 93  	  1  	  1  	0.014	0.913	0.049	0.023	
 94  	  1  	  1  	0.022	0.918	0.038	0.022	
 95  	  1  	  1  	0.014	0.895	0.054	0.037	
 96  	  1  	  1  	0.020	0.911	0.036	0.033	
 97  	  1  	  1  	0.013	0.940	0.021	0.026	
 98  	  1  	  1  	0.012	0.923	0.031	0.034	
 99  	  1  	  1  	0.019	0.906	0.038	0.037	
 100 	  1  	  1  	0.012	0.931	0.037	0.020	
 101 	  1  	  1  	0.011	0.930	0.029	0.030	
 102 	  1  	  1  	0.011	0.907	0.043	0.039	
 103 	  1  	  1  	0.014	0.926	0.036	0.025	
 104 	  1  	  1  	0.011	0.905	0.055	0.029	
 105 	  1  	  1  	0.014	0.942	0.025	0.018	
 106 	  1  	  1  	0.014	0.927	0.028	0.032	
 107 	  1  	  1  	0.019	0.921	0.028	0.032	
 108 	  1  	  1  	0.011	0.942	0.025	0.023	
 109 	  1  	  1  	0.020	0.928	0.029	0.023	
 110 	  1  	  1  	0.022	0.884	0.058	0.036	
 111 	  1  	  1  	0.016	0.909	0.041	0.033	
 112 	  1  	  1  	0.011	0.924	0.031	0.034	
 113 	  1  	  1  	0.020	0.895	0.064	0.020	
 114 	  1  	  1  	0.019	0.879	0.078	0.024	
 115 	  1  	  1  	0.008	0.933	0.035	0.025	
 116 	  1  	  1  	0.009	0.896	0.045	0.050	
 117 	  1  	  1  	0.013	0.931	0.031	0.025	
 118 	  1  	  1  	0.016	0.927	0.027	0.029	
 119 	  1  	  1  	0.019	0.874	0.068	0.038	
 120 	  1  	  1  	0.012	0.913	0.042	0.032	
 121 	  1  	  1  	0.025	0.919	0.022	0.034	
 122 	  1  	  1  	0.014	0.935	0.023	0.028	
 123 	  1  	  1  	0.018	0.877	0.068	0.037	
 124 	  1  	  1  	0.011	0.917	0.041	0.031	
 125 	  1  	  1  	0.028	0.914	0.022	0.036	
 126 	  1  	  1  	0.018	0.900	0.046	0.036	
 127 	  1  	  1  	0.018	0.922	0.027	0.033	
 128 	  1  	  1  	0.012	0.919	0.040	0.029	
 129 	  1  	  1  	0.010	0.945	0.020	0.024	
 130 	  1  	  1  	0.014	0.921	0.033	0.032	
 131 	  1  	  1  	0.019	0.927	0.029	0.025	
 132 	  1  	  1  	0.020	0.912	0.046	0.023	
 133 	  1  	  1  	0.022	0.926	0.030	0.023	
 134 	  1  	  1  	0.017	0.900	0.049	0.034	
 135 	  1  	  1  	0.022	0.916	0.030	0.032	
 136 	  1  	  1  	0.012	0.939	0.022	0.027	
 137 	  1  	  1  	0.010	0.948	0.022	0.020	
 138 	  1  	  1  	0.016	0.932	0.036	0.017	
 139 	  1  	  1  	0.017	0.923	0.036	0.024	
 140 	  1  	  1  	0.008	0.934	0.029	0.028	
 141 	  1  	  1  	0.008	0.895	0.068	0.029	
 142 	  1  	  1  	0.064	0.849	0.060	0.027	
 143 	  3  	  1  	0.176	0.346	0.044	0.434	
 144 	  1  	  1  	0.083	0.850	0.042	0.025	
 145 	  1  	  1  	0.082	0.824	0.066	0.029	
 146 	  2  	  2  	0.022	0.043	0.904	0.031	
 147 	  2  	  2  	0.023	0.054	0.885	0.038	
 148 	  2  	  2  	0.020	0.070	0.878	0.032	
 149 	  2  	  2  	0.014	0.041	0.907	0.037	
 150 	  2  	  2  	0.021	0.058	0.872	0.049	
 151 	  2  	  2  	0.017	0.089	0.859	0.035	
 152 	  2  	  2  	0.015	0.073	0.880	0.032	
 153 	  2  	  2  	0.022	0.039	0.914	0.025	
 154 	  2  	  2  	0.015	0.043	0.923	0.019	
 155 	  2  	  2  	0.024	0.043	0.895	0.037	
 156 	  2  	  2  	0.017	0.066	0.886	0.031	
 157 	  2  	  2  	0.033	0.083	0.857	0.027	
 158 	  2  	  2  	0.019	0.052	0.890	0.039	
 159 	  2  	  2  	0.015	0.063	0.871	0.051	
 160 	  2  	  2  	0.017	0.099	0.848	0.036	
 161 	  2  	  2  	0.018	0.055	0.900	0.027	
 162 	  2  	  2  	0.024	0.100	0.842	0.034	
 163 	  2  	  2  	0.023	0.062	0.886	0.028	
 164 	  2  	  2  	0.015	0.052	0.904	0.030	
 165 	  2  	  2  	0.013	0.052	0.905	0.030	
 166 	  2  	  2  	0.017	0.030	0.923	0.030	
 167 	  2  	  2  	0.032	0.100	0.845	0.023	
 168 	  2  	  2  	0.024	0.034	0.901	0.041	
 169 	  2  	  2  	0.017	0.039	0.908	0.036	
 170 	  2  	  2  	0.017	0.031	0.912	0.040	
 171 	  2  	  2  	0.023	0.041	0.894	0.043	
 172 	  2  	  2  	0.021	0.032	0.894	0.054	
 173 	  2  	  2  	0.023	0.046	0.884	0.048	
 174 	  2  	  2  	0.017	0.028	0.912	0.043	
 175 	  2  	  2  	0.028	0.028	0.917	0.027	
 176 	  2  	  2  	0.019	0.024	0.932	0.024	
 177 	  2  	  2  	0.013	0.057	0.903	0.027	
 178 	  2  	  2  	0.016	0.029	0.921	0.034	
 179 	  2  	  2  	0.020	0.027	0.919	0.034	
 180 	  2  	  2  	0.019	0.030	0.924	0.027	
 181 	  2  	  2  	0.019	0.024	0.932	0.024	
 182 	  2  	  2  	0.012	0.049	0.911	0.027	
 183 	  2  	  2  	0.017	0.037	0.918	0.028	
 184 	  2  	  2  	0.018	0.028	0.919	0.035	
 185 	  2  	  2  	0.020	0.071	0.878	0.030	
 186 	  2  	  2  	0.024	0.118	0.825	0.033	
 187 	  2  	  2  	0.019	0.058	0.901	0.022	
 188 	  2  	  2  	0.031	0.084	0.864	0.021	
 189 	  2  	  2  	0.018	0.046	0.911	0.025	
 190 	  2  	  2  	0.045	0.075	0.863	0.018	
 191 	  2  	  2  	0.038	0.101	0.832	0.028	
 192 	  2  	  2  	0.027	0.094	0.853	0.025	
 193 	  2  	  2  	0.016	0.034	0.923	0.027	
 194 	  2  	  2  	0.024	0.034	0.916	0.026	
 195 	  2  	  2  	0.026	0.087	0.851	0.036	
 196 	  2  	  2  	0.027	0.060	0.893	0.020	
 197 	  2  	  2  	0.022	0.079	0.870	0.030	
 198 	  2  	  2  	0.022	0.041	0.909	0.029	
 199 	  2  	  2  	0.016	0.047	0.912	0.024	
 200 	  2  	  2  	0.017	0.041	0.919	0.023	
 201 	  2  	  2  	0.016	0.054	0.913	0.017	
 202 	  2  	  2  	0.019	0.075	0.879	0.027	
 203 	  2  	  2  	0.017	0.041	0.919	0.023	
 204 	  2  	  2  	0.016	0.053	0.909	0.023	
 205 	  2  	  2  	0.015	0.047	0.912	0.026	
 206 	  2  	  2  	0.015	0.041	0.919	0.025	
 207 	  2  	  2  	0.014	0.045	0.908	0.033	
 208 	  2  	  2  	0.017	0.054	0.906	0.023	
 209 	  2  	  2  	0.024	0.049	0.906	0.020	
 210 	  2  	  2  	0.018	0.034	0.918	0.030	
 211 	  2  	  2  	0.020	0.048	0.904	0.028	
 212 	  2  	  2  	0.020	0.026	0.918	0.036	
 213 	  2  	  2  	0.015	0.031	0.925	0.029	
 214 	  2  	  2  	0.020	0.041	0.896	0.044	
 215 	  2  	  2  	0.018	0.050	0.898	0.034	
 216 	  2  	  2  	0.020	0.024	0.915	0.041	
 217 	  2  	  2  	0.018	0.050	0.898	0.034	
 218 	  2  	  2  	0.020	0.024	0.915	0.041	
 219 	  2  	  2  	0.020	0.120	0.816	0.044	
 220 	  2  	  2  	0.020	0.067	0.869	0.044	
 221 	  2  	  2  	0.014	0.075	0.885	0.026	
 222 	  2  	  2  	0.014	0.033	0.912	0.040	
 223 	  2  	  2  	0.015	0.073	0.886	0.027	
 224 	  2  	  2  	0.020	0.067	0.868	0.044	
 225 	  2  	  2  	0.014	0.033	0.912	0.040	
 226 	  2  	  2  	0.024	0.126	0.752	0.098	
 227 	  2  	  2  	0.013	0.029	0.933	0.025	
 228 	  2  	  2  	0.014	0.043	0.909	0.034	
 229 	  2  	  2  	0.019	0.052	0.902	0.027	
 230 	  2  	  2  	0.013	0.030	0.921	0.036	
 231 	  2  	  2  	0.013	0.030	0.921	0.036	
 232 	  2  	  2  	0.014	0.043	0.909	0.034	
 233 	  2  	  2  	0.014	0.044	0.918	0.024	
 234 	  2  	  2  	0.021	0.054	0.894	0.031	
 235 	  2  	  2  	0.015	0.044	0.916	0.025	
 236 	  2  	  2  	0.025	0.072	0.862	0.041	
 237 	  2  	  2  	0.021	0.042	0.912	0.025	
 238 	  2  	  2  	0.016	0.051	0.908	0.025	
 239 	  2  	  2  	0.017	0.053	0.908	0.022	
 240 	  2  	  2  	0.021	0.043	0.912	0.025	
 241 	  2  	  2  	0.020	0.080	0.862	0.039	
 242 	  2  	  2  	0.026	0.082	0.865	0.027	
 243 	  2  	  2  	0.022	0.054	0.885	0.039	
 244 	  2  	  2  	0.016	0.034	0.923	0.027	
 245 	  2  	  2  	0.017	0.051	0.900	0.031	
 246 	  2  	  2  	0.026	0.077	0.870	0.027	
 247 	  2  	  2  	0.014	0.039	0.917	0.029	
 248 	  2  	  2  	0.022	0.070	0.880	0.029	
 249 	  2  	  2  	0.024	0.044	0.892	0.041	
 250 	  2  	  2  	0.019	0.048	0.909	0.024	
 251 	  2  	  2  	0.013	0.036	0.917	0.034	
 252 	  2  	  2  	0.017	0.040	0.918	0.024	
 253 	  2  	  2  	0.035	0.102	0.840	0.023	
 254 	  2  	  2  	0.031	0.066	0.854	0.049	
 255 	  2  	  2  	0.026	0.082	0.869	0.023	
 256 	  2  	  2  	0.017	0.041	0.921	0.021	
 257 	  2  	  2  	0.023	0.071	0.884	0.022	
 258 	  2  	  2  	0.016	0.042	0.913	0.029	
 259 	  2  	  2  	0.019	0.049	0.909	0.023	
 260 	  2  	  2  	0.017	0.043	0.915	0.024	
 261 	  3  	  3  	0.012	0.035	0.037	0.916	
 262 	  3  	  3  	0.009	0.036	0.031	0.924	
 263 	  3  	  3  	0.018	0.063	0.034	0.885	
 264 	  3  	  3  	0.023	0.039	0.035	0.903	
 265 	  3  	  3  	0.014	0.065	0.054	0.867	
 266 	  3  	  3  	0.011	0.045	0.035	0.909	
 267 	  3  	  3  	0.016	0.073	0.044	0.867	
 268 	  3  	  3  	0.031	0.084	0.078	0.807	
 269 	  3  	  3  	0.014	0.045	0.030	0.911	
 270 	  3  	  3  	0.016	0.072	0.052	0.859	
 271 	  3  	  3  	0.014	0.055	0.056	0.875	
 272 	  3  	  3  	0.015	0.063	0.055	0.868	
 273 	  3  	  3  	0.010	0.045	0.038	0.907	
 274 	  3  	  3  	0.019	0.064	0.060	0.857	
 275 	  3  	  3  	0.017	0.055	0.041	0.887	
 276 	  3  	  3  	0.016	0.038	0.030	0.916	
 277 	  3  	  3  	0.015	0.048	0.043	0.894	
 278 	  3  	  3  	0.015	0.057	0.039	0.889	
 279 	  3  	  3  	0.016	0.072	0.052	0.860	
 280 	  3  	  3  	0.020	0.054	0.057	0.868	
 281 	  3  	  3  	0.021	0.068	0.066	0.845	
 282 	  3  	  3  	0.013	0.043	0.034	0.910	
 283 	  3  	  3  	0.030	0.113	0.045	0.812	
 284 	  3  	  3  	0.013	0.108	0.062	0.818	
 285 	  3  	  3  	0.029	0.167	0.085	0.719	
 286 	  3  	  3  	0.022	0.062	0.034	0.882	
 287 	  3  	  3  	0.083	0.046	0.030	0.841	
 288 	  3  	  3  	0.009	0.095	0.063	0.832	
 289 	  3  	  3  	0.018	0.047	0.057	0.877	
 290 	  3  	  3  	0.015	0.245	0.080	0.660	
 291 	  3  	  3  	0.022	0.024	0.047	0.907	
 292 	  3  	  3  	0.021	0.030	0.056	0.893	
 293 	  3  	  3  	0.017	0.075	0.075	0.833	
 294 	  3  	  3  	0.034	0.035	0.050	0.882	
 295 	  3  	  3  	0.017	0.064	0.053	0.865	
 296 	  3  	  3  	0.023	0.080	0.049	0.848	
 297 	  3  	  3  	0.023	0.054	0.047	0.876	
 298 	  3  	  3  	0.031	0.040	0.046	0.883	
 299 	  3  	  3  	0.019	0.048	0.057	0.875	
 300 	  3  	  3  	0.071	0.175	0.097	0.656	
 301 	  3  	  3  	0.026	0.078	0.049	0.848	
 302 	  3  	  3  	0.029	0.034	0.070	0.867	
 303 	  3  	  3  	0.017	0.052	0.050	0.881	
 304 	  3  	  3  	0.021	0.086	0.075	0.818	
 305 	  3  	  3  	0.029	0.056	0.050	0.865	
 306 	  3  	  3  	0.030	0.035	0.046	0.889	
 307 	  3  	  3  	0.018	0.057	0.055	0.870	
 308 	  3  	  3  	0.022	0.113	0.094	0.771	
 309 	  3  	  3  	0.033	0.052	0.048	0.867	
 310 	  3  	  3  	0.033	0.064	0.037	0.867	
 311 	  3  	  3  	0.022	0.066	0.052	0.860	
 312 	  3  	  3  	0.025	0.029	0.057	0.888	
 313 	  3  	  3  	0.018	0.036	0.050	0.896	
 314 	  3  	  3  	0.016	0.047	0.037	0.900	
 315 	  3  	  3  	0.028	0.027	0.058	0.888	
 316 	  3  	  3  	0.026	0.038	0.081	0.855	
 317 	  3  	  3  	0.019	0.056	0.053	0.872	
 318 	  3  	  3  	0.023	0.112	0.098	0.768	
 319 	  3  	  3  	0.037	0.048	0.035	0.880	
 320 	  3  	  3  	0.028	0.050	0.075	0.848	
 321 	  3  	  3  	0.023	0.036	0.064	0.877	
 322 	  3  	  3  	0.019	0.179	0.071	0.730	
 323 	  3  	  3  	0.017	0.055	0.033	0.895	
 324 	  3  	  3  	0.016	0.027	0.064	0.893	
 325 	  3  	  3  	0.016	0.065	0.067	0.852	
 326 	  3  	  3  	0.022	0.075	0.054	0.849	
 327 	  3  	  3  	0.014	0.035	0.038	0.913	
 328 	  3  	  3  	0.014	0.040	0.043	0.903	
 329 	  3  	  3  	0.024	0.057	0.060	0.859	
 330 	  3  	  3  	0.019	0.164	0.054	0.762	
 331 	  3  	  3  	0.022	0.076	0.041	0.861	
 332 	  3  	  3  	0.024	0.048	0.098	0.830	
 333 	  3  	  3  	0.031	0.038	0.093	0.838	
 334 	  3  	  3  	0.024	0.084	0.192	0.699	
 335 	  3  	  3  	0.016	0.056	0.037	0.891	
 336 	  3  	  3  	0.017	0.034	0.074	0.876	
 337 	  3  	  3  	0.017	0.042	0.062	0.880	
 338 	  3  	  3  	0.027	0.293	0.124	0.557	
 339 	  3  	  3  	0.044	0.047	0.054	0.855	
 340 	  3  	  3  	0.050	0.052	0.091	0.806	
 341 	  3  	  3  	0.018	0.036	0.063	0.883	
 342 	  3  	  3  	0.030	0.211	0.035	0.724	
 343 	  3  	  3  	0.028	0.105	0.059	0.807	
 344 	  3  	  3  	0.027	0.041	0.057	0.875	
 345 	  3  	  3  	0.025	0.059	0.036	0.879	
 346 	  3  	  3  	0.013	0.054	0.034	0.900	
 347 	  3  	  3  	0.023	0.045	0.061	0.871	
 348 	  3  	  3  	0.023	0.059	0.036	0.882	
 349 	  3  	  3  	0.028	0.047	0.036	0.889	
 350 	  3  	  3  	0.028	0.034	0.046	0.892	
 351 	  3  	  3  	0.063	0.022	0.050	0.866	
 352 	  3  	  3  	0.022	0.041	0.043	0.894	
 353 	  3  	  3  	0.015	0.058	0.028	0.899	
 354 	  3  	  3  	0.015	0.061	0.040	0.883	
 355 	  3  	  3  	0.018	0.043	0.040	0.899	
 356 	  3  	  3  	0.019	0.046	0.030	0.905	
 357 	  3  	  3  	0.016	0.061	0.041	0.882	
 358 	  3  	  3  	0.023	0.065	0.039	0.873	
 359 	  3  	  3  	0.022	0.039	0.036	0.903	
 360 	  3  	  3  	0.015	0.048	0.045	0.892	
 361 	  3  	  3  	0.015	0.044	0.031	0.910	
 362 	  3  	  3  	0.017	0.042	0.053	0.889	
 363 	  3  	  3  	0.016	0.051	0.048	0.885	
 364 	  3  	  3  	0.019	0.045	0.033	0.902	
 365 	  3  	  3  	0.012	0.051	0.039	0.898	
 366 	  3  	  3  	0.018	0.045	0.043	0.893	
 367 	  3  	  3  	0.014	0.048	0.038	0.900	
 368 	  3  	  3  	0.018	0.047	0.043	0.891	
 369 	  3  	  3  	0.022	0.043	0.046	0.889	
 370 	  3  	  3  	0.012	0.051	0.039	0.898	
 371 	  3  	  3  	0.018	0.045	0.043	0.893	
 372 	  3  	  3  	0.017	0.042	0.053	0.889	
 373 	  3  	  3  	0.016	0.051	0.048	0.885	
 374 	  3  	  3  	0.019	0.045	0.033	0.902	
 375 	  3  	  3  	0.014	0.062	0.040	0.884	
 376 	  3  	  3  	0.018	0.055	0.055	0.872	
 377 	  3  	  3  	0.014	0.053	0.062	0.870	
 378 	  3  	  3  	0.020	0.049	0.031	0.900	
 379 	  3  	  3  	0.023	0.072	0.054	0.851	
 380 	  3  	  3  	0.014	0.049	0.058	0.878	
 381 	  3  	  3  	0.019	0.054	0.032	0.895	
 382 	  3  	  3  	0.014	0.056	0.036	0.894	
 383 	  3  	  3  	0.016	0.061	0.030	0.893	
 384 	  3  	  3  	0.021	0.062	0.048	0.870	
 385 	  3  	  3  	0.022	0.041	0.043	0.894	
 386 	  3  	  3  	0.015	0.058	0.028	0.899	
 387 	  3  	  3  	0.015	0.061	0.040	0.883	
 388 	  3  	  3  	0.020	0.053	0.035	0.892	
 389 	  3  	  3  	0.013	0.060	0.027	0.901	
 390 	  3  	  3  	0.017	0.060	0.045	0.879	
 391 	  3  	  3  	0.020	0.044	0.035	0.901	
 392 	  3  	  3  	0.014	0.072	0.032	0.883	
 393 	  3  	  3  	0.015	0.058	0.040	0.887	
 394 	  3  	  3  	0.019	0.051	0.035	0.896	
 395 	  3  	  3  	0.016	0.041	0.038	0.905	
 396 	  3  	  3  	0.023	0.055	0.048	0.873	
 397 	  3  	  3  	0.019	0.044	0.034	0.902	
 398 	  3  	  3  	0.015	0.063	0.029	0.893	
 399 	  3  	  3  	0.023	0.057	0.050	0.870	
 400 	  3  	  3  	0.014	0.050	0.034	0.901	
 401 	  3  	  3  	0.014	0.050	0.027	0.909	
 402 	  3  	  3  	0.017	0.057	0.043	0.883	
 403 	  3  	  3  	0.018	0.043	0.040	0.899	
 404 	  3  	  3  	0.019	0.046	0.030	0.905	
 405 	  3  	  3  	0.016	0.061	0.041	0.882	
 406 	  3  	  3  	0.019	0.048	0.033	0.900	
 407 	  3  	  3  	0.019	0.048	0.033	0.900	
 408 	  3  	  3  	0.019	0.048	0.033	0.900	
 409 	  3  	  3  	0.018	0.079	0.046	0.857	
 410 	  3  	  3  	0.019	0.048	0.033	0.900	
 411 	  3  	  3  	0.013	0.058	0.043	0.886	
 412 	  3  	  3  	0.018	0.054	0.043	0.885	
 413 	  3  	  3  	0.015	0.054	0.034	0.898	
 414 	  3  	  3  	0.018	0.062	0.044	0.876	
 415 	  3  	  3  	0.017	0.058	0.042	0.882	
 416 	  3  	  3  	0.015	0.060	0.052	0.872	
 417 	  3  	  3  	0.018	0.065	0.042	0.876	
 418 	  3  	  3  	0.015	0.052	0.041	0.892	
 419 	  3  	  3  	0.017	0.049	0.040	0.894	
 420 	  3  	  3  	0.016	0.063	0.043	0.877	
 421 	  3  	  3  	0.019	0.050	0.057	0.874	
 422 	  3  	  3  	0.015	0.059	0.052	0.874	
 423 	  3  	  3  	0.018	0.051	0.047	0.884	
 424 	  3  	  3  	0.016	0.041	0.037	0.906	
 425 	  3  	  3  	0.015	0.055	0.045	0.885	
 426 	  3  	  3  	0.008	0.043	0.032	0.917	
 427 	  3  	  3  	0.016	0.071	0.045	0.867	
 428 	  3  	  3  	0.010	0.032	0.029	0.929	
 429 	  3  	  3  	0.025	0.063	0.047	0.865	
 430 	  3  	  3  	0.028	0.033	0.043	0.896	
 431 	  3  	  3  	0.008	0.060	0.042	0.890	
 432 	  3  	  3  	0.010	0.073	0.047	0.871	
 433 	  3  	  3  	0.036	0.028	0.037	0.899	
 434 	  3  	  3  	0.040	0.029	0.034	0.898	
 435 	  3  	  3  	0.036	0.028	0.037	0.899	
 436 	  3  	  3  	0.040	0.029	0.034	0.898	
 437 	  3  	  3  	0.059	0.030	0.030	0.881	
 438 	  3  	  3  	0.064	0.025	0.024	0.886	
 439 	  3  	  3  	0.020	0.091	0.042	0.848	
 440 	  3  	  3  	0.021	0.066	0.038	0.875	
 441 	  3  	  3  	0.020	0.065	0.040	0.875	
 442 	  3  	  3  	0.016	0.076	0.042	0.866	
 443 	  3  	  3  	0.036	0.079	0.047	0.838	
 444 	  3  	  3  	0.012	0.065	0.031	0.891	
 445 	  3  	  3  	0.018	0.141	0.046	0.796	
 446 	  3  	  3  	0.024	0.079	0.041	0.856	
 447 	  3  	  3  	0.012	0.065	0.031	0.892	
 448 	  3  	  3  	0.021	0.061	0.038	0.880	
 449 	  3  	  3  	0.024	0.069	0.039	0.867	
 450 	  3  	  3  	0.012	0.065	0.031	0.892	
 451 	  3  	  3  	0.021	0.061	0.038	0.880	
 452 	  3  	  3  	0.024	0.069	0.039	0.867	
 453 	  3  	  3  	0.012	0.065	0.031	0.891	
 454 	  3  	  3  	0.018	0.141	0.046	0.796	
 455 	  3  	  3  	0.024	0.079	0.041	0.856	
 456 	  3  	  3  	0.015	0.076	0.043	0.866	
 457 	  3  	  3  	0.018	0.073	0.044	0.864	
 458 	  3  	  3  	0.018	0.045	0.032	0.905	
 459 	  3  	  3  	0.012	0.035	0.035	0.918	
 460 	  3  	  3  	0.013	0.096	0.040	0.852	
 461 	  3  	  3  	0.014	0.035	0.028	0.924	
 462 	  3  	  3  	0.052	0.054	0.033	0.861	
 463 	  3  	  3  	0.022	0.020	0.033	0.925	
 464 	  3  	  3  	0.014	0.076	0.039	0.872	
 465 	  3  	  3  	0.036	0.048	0.039	0.878	
 466 	  3  	  3  	0.023	0.029	0.075	0.873	
 467 	  3  	  3  	0.021	0.030	0.048	0.901	
 468 	  3  	  3  	0.017	0.069	0.050	0.865	
 469 	  3  	  3  	0.026	0.099	0.049	0.826	
 470 	  3  	  3  	0.035	0.181	0.090	0.694	
 471 	  3  	  3  	0.014	0.316	0.065	0.605	
 472 	  3  	  3  	0.015	0.199	0.064	0.722	
 473 	  3  	  3  	0.023	0.045	0.055	0.878	
 474 	  3  	  3  	0.014	0.127	0.061	0.798	
 475 	  3  	  3  	0.017	0.043	0.046	0.893	
 476 	  3  	  3  	0.019	0.039	0.065	0.877	
 477 	  3  	  3  	0.016	0.176	0.062	0.745	
 478 	  3  	  3  	0.038	0.071	0.054	0.837	
 479 	  3  	  3  	0.031	0.135	0.103	0.731	
 480 	  3  	  3  	0.017	0.038	0.075	0.870	
 481 	  3  	  3  	0.027	0.169	0.033	0.770	
 482 	  3  	  3  	0.030	0.124	0.051	0.795	
 483 	  3  	  3  	0.021	0.073	0.047	0.858	
 484 	  3  	  3  	0.014	0.043	0.049	0.894	
 485 	  3  	  3  	0.020	0.050	0.030	0.900	
 486 	  3  	  3  	0.015	0.029	0.098	0.858	
 487 	  3  	  3  	0.016	0.056	0.077	0.851	
 488 	  3  	  3  	0.023	0.041	0.057	0.879	
 489 	  3  	  3  	0.034	0.071	0.049	0.846	
 490 	  3  	  3  	0.021	0.034	0.061	0.884	
 491 	  3  	  3  	0.022	0.052	0.061	0.866	
 492 	  3  	  3  	0.015	0.178	0.062	0.744	
 493 	  3  	  3  	0.099	0.009	0.015	0.878	
 494 	  3  	  3  	0.025	0.032	0.047	0.896	
 495 	  3  	  3  	0.017	0.065	0.073	0.846	
 496 	  3  	  3  	0.029	0.178	0.034	0.759	
 497 	  3  	  3  	0.075	0.010	0.013	0.902	
 498 	  3  	  3  	0.015	0.066	0.061	0.858	
 499 	  3  	  3  	0.016	0.041	0.033	0.910	
 500 	  3  	  3  	0.016	0.068	0.044	0.872	
 501 	  3  	  3  	0.019	0.058	0.047	0.877	
 502 	  3  	  3  	0.022	0.164	0.094	0.721	
 503 	  3  	  3  	0.020	0.104	0.038	0.838	
 504 	  3  	  3  	0.014	0.047	0.043	0.896	
 505 	  3  	  3  	0.022	0.046	0.054	0.877	
 506 	  3  	  3  	0.017	0.118	0.055	0.810	
 507 	  3  	  3  	0.015	0.029	0.039	0.916	
 508 	  3  	  3  	0.024	0.034	0.069	0.873	
 509 	  3  	  3  	0.020	0.056	0.084	0.840	
 510 	  3  	  3  	0.020	0.036	0.053	0.891	
 511 	  3  	  3  	0.016	0.075	0.058	0.850	
 512 	  3  	  3  	0.028	0.064	0.068	0.840	
 513 	  3  	  3  	0.020	0.023	0.018	0.939	
 514 	  3  	  3  	0.021	0.155	0.033	0.791	
 515 	  3  	  3  	0.307	0.213	0.040	0.440	
 516 	  3  	  3  	0.015	0.110	0.039	0.835	
 517 	  3  	  3  	0.016	0.199	0.032	0.753	
 518 	  0  	  3  	0.596	0.098	0.036	0.270	
 519 	  3  	  3  	0.048	0.182	0.069	0.700	
 520 	  3  	  3  	0.051	0.141	0.073	0.735	
 521 	  3  	  3  	0.328	0.176	0.042	0.454	
 522 	  3  	  3  	0.015	0.114	0.042	0.829	
 523 	  3  	  3  	0.021	0.155	0.033	0.791	
 524 	  3  	  3  	0.259	0.257	0.043	0.441	
 525 	  3  	  3  	0.015	0.110	0.039	0.835	
 526 	  3  	  3  	0.022	0.168	0.036	0.774	
 527 	  0  	  3  	0.457	0.120	0.037	0.386	
 528 	  3  	  3  	0.015	0.105	0.038	0.842	
 529 	  3  	  3  	0.022	0.168	0.036	0.774	
 530 	  0  	  3  	0.457	0.120	0.037	0.386	
 531 	  3  	  3  	0.015	0.105	0.038	0.842	
 532 	  3  	  3  	0.044	0.102	0.061	0.793	
 533 	  0  	  3  	0.494	0.163	0.043	0.301	
 534 	  3  	  3  	0.016	0.106	0.039	0.839	
 535 	  3  	  3  	0.018	0.247	0.039	0.696	
 536 	  3  	  3  	0.192	0.223	0.055	0.530	
 537 	  0  	  3  	0.635	0.191	0.044	0.129	
 538 	  3  	  3  	0.032	0.279	0.067	0.622	
 539 	  0  	  0  	0.952	0.025	0.011	0.011	
 540 	  0  	  0  	0.912	0.029	0.033	0.026	
 541 	  0  	  0  	0.939	0.024	0.021	0.017	
 542 	  0  	  0  	0.919	0.027	0.029	0.025	
 543 	  0  	  0  	0.930	0.019	0.029	0.022	
 544 	  0  	  0  	0.952	0.025	0.011	0.011	
 545 	  0  	  0  	0.912	0.029	0.033	0.026	
 546 	  0  	  0  	0.939	0.024	0.021	0.017	
 547 	  0  	  0  	0.914	0.031	0.038	0.018	
 548 	  0  	  0  	0.914	0.031	0.031	0.023	
 549 	  0  	  0  	0.891	0.045	0.037	0.027	
 550 	  0  	  0  	0.849	0.097	0.027	0.028	
 551 	  0  	  0  	0.891	0.045	0.038	0.026	
 552 	  0  	  0  	0.894	0.040	0.048	0.017	
 553 	  0  	  0  	0.896	0.059	0.030	0.014	
 554 	  0  	  0  	0.917	0.040	0.017	0.025	
 555 	  0  	  0  	0.946	0.016	0.014	0.024	
 556 	  0  	  0  	0.919	0.034	0.031	0.017	
 557 	  0  	  0  	0.911	0.048	0.029	0.012	
 558 	  0  	  0  	0.917	0.040	0.027	0.016	
 559 	  0  	  0  	0.909	0.031	0.042	0.018	
 560 	  0  	  0  	0.934	0.027	0.022	0.016	
 561 	  0  	  0  	0.917	0.031	0.033	0.019	
 562 	  0  	  0  	0.893	0.036	0.032	0.039	
 563 	  0  	  0  	0.915	0.029	0.020	0.037	
 564 	  0  	  0  	0.914	0.038	0.028	0.019	
 565 	  0  	  0  	0.911	0.030	0.020	0.039	
 566 	  0  	  0  	0.897	0.047	0.036	0.020	
 567 	  0  	  0  	0.878	0.046	0.026	0.050	
 568 	  0  	  0  	0.912	0.041	0.031	0.015	
 569 	  0  	  0  	0.927	0.026	0.030	0.018	
 570 	  0  	  0  	0.946	0.018	0.016	0.020	
 571 	  0  	  0  	0.930	0.020	0.026	0.025	
 572 	  0  	  0  	0.897	0.030	0.040	0.033	
 573 	  0  	  0  	0.922	0.030	0.028	0.020	
 574 	  0  	  0  	0.919	0.034	0.028	0.018	
 575 	  0  	  0  	0.932	0.038	0.016	0.014	
 576 	  0  	  0  	0.923	0.027	0.027	0.023	
 577 	  0  	  0  	0.918	0.034	0.028	0.020	
 578 	  0  	  0  	0.953	0.015	0.015	0.017	
 579 	  0  	  0  	0.912	0.044	0.027	0.017	
 580 	  0  	  0  	0.897	0.050	0.034	0.019	
 581 	  0  	  0  	0.903	0.052	0.028	0.017	
 582 	  0  	  0  	0.903	0.044	0.032	0.021	
 583 	  0  	  0  	0.917	0.034	0.035	0.013	
 584 	  0  	  0  	0.906	0.035	0.042	0.017	
 585 	  0  	  0  	0.932	0.025	0.022	0.022	
 586 	  0  	  0  	0.926	0.025	0.017	0.031	
 587 	  0  	  0  	0.882	0.054	0.024	0.040	
 588 	  0  	  0  	0.928	0.026	0.017	0.029	
 589 	  0  	  0  	0.862	0.082	0.040	0.016	
 590 	  0  	  0  	0.916	0.031	0.021	0.032	
 591 	  0  	  0  	0.907	0.050	0.026	0.017	
 592 	  0  	  0  	0.892	0.051	0.036	0.020	
 593 	  0  	  0  	0.901	0.051	0.034	0.015	
 594 	  0  	  0  	0.880	0.063	0.031	0.026	
 595 	  0  	  0  	0.892	0.056	0.037	0.016	
 596 	  0  	  0  	0.925	0.030	0.028	0.016	
 597 	  0  	  0  	0.909	0.041	0.030	0.020	
 598 	  0  	  0  	0.912	0.038	0.035	0.016	
 599 	  0  	  0  	0.937	0.021	0.030	0.013	
 600 	  0  	  0  	0.923	0.036	0.023	0.019	
 601 	  0  	  0  	0.894	0.047	0.038	0.022	
 602 	  0  	  0  	0.888	0.058	0.030	0.024	
 603 	  0  	  0  	0.902	0.054	0.022	0.022	
 604 	  0  	  0  	0.937	0.024	0.024	0.016	
 605 	  0  	  0  	0.913	0.026	0.038	0.023	
 606 	  0  	  0  	0.920	0.036	0.029	0.015	
 607 	  0  	  0  	0.914	0.036	0.021	0.029	
 608 	  0  	  0  	0.922	0.039	0.019	0.021	
 609 	  0  	  0  	0.932	0.023	0.033	0.012	
 610 	  0  	  0  	0.942	0.018	0.016	0.023	
 611 	  0  	  0  	0.934	0.025	0.018	0.022	
 612 	  0  	  0  	0.933	0.024	0.019	0.023	
 613 	  0  	  0  	0.890	0.047	0.032	0.031	
 614 	  0  	  0  	0.908	0.043	0.023	0.026	
 615 	  0  	  0  	0.872	0.054	0.034	0.041	
 616 	  0  	  0  	0.863	0.069	0.048	0.020	
 617 	  0  	  0  	0.928	0.029	0.024	0.019	
 618 	  0  	  0  	0.938	0.025	0.021	0.016	
 619 	  0  	  0  	0.910	0.046	0.029	0.014	
 620 	  0  	  0  	0.877	0.028	0.047	0.047	
 621 	  0  	  0  	0.901	0.054	0.030	0.016	
 622 	  0  	  0  	0.885	0.069	0.029	0.017	
 623 	  0  	  0  	0.883	0.072	0.029	0.016	
 624 	  0  	  0  	0.903	0.052	0.029	0.015	
 625 	  0  	  0  	0.919	0.044	0.022	0.014	
 626 	  0  	  0  	0.929	0.032	0.027	0.012	
 627 	  0  	  0  	0.914	0.039	0.031	0.017	
 628 	  0  	  0  	0.906	0.043	0.030	0.021	
 629 	  0  	  0  	0.920	0.031	0.031	0.017	
 630 	  0  	  0  	0.921	0.030	0.029	0.020	
 631 	  0  	  0  	0.899	0.042	0.034	0.025	
 632 	  0  	  0  	0.892	0.045	0.044	0.019	
 633 	  0  	  0  	0.871	0.067	0.031	0.030	
 634 	  0  	  0  	0.916	0.034	0.032	0.017	
 635 	  0  	  0  	0.859	0.075	0.032	0.035	
 636 	  0  	  0  	0.870	0.077	0.026	0.028	
 637 	  0  	  0  	0.920	0.036	0.024	0.019	
 638 	  0  	  0  	0.903	0.023	0.045	0.029	
 639 	  0  	  0  	0.873	0.056	0.053	0.018	
 640 	  0  	  0  	0.828	0.072	0.039	0.061	
 641 	  0  	  0  	0.908	0.046	0.028	0.019	
 642 	  0  	  0  	0.917	0.029	0.036	0.019	
 643 	  0  	  0  	0.903	0.023	0.033	0.042	
 644 	  0  	  0  	0.863	0.066	0.053	0.017	
 645 	  0  	  0  	0.896	0.043	0.042	0.018	
 646 	  0  	  0  	0.909	0.040	0.034	0.017	
 647 	  0  	  0  	0.928	0.031	0.022	0.019	
 648 	  0  	  0  	0.898	0.052	0.026	0.025	
 649 	  0  	  0  	0.844	0.083	0.041	0.031	
 650 	  0  	  0  	0.895	0.052	0.030	0.023	
 651 	  0  	  0  	0.895	0.050	0.032	0.023	
 652 	  0  	  0  	0.896	0.039	0.040	0.025	
 653 	  0  	  0  	0.912	0.030	0.033	0.024	
 654 	  0  	  0  	0.897	0.033	0.050	0.020	
 655 	  0  	  0  	0.914	0.031	0.026	0.029	
 656 	  0  	  0  	0.903	0.040	0.030	0.027	
 657 	  0  	  0  	0.901	0.044	0.031	0.024	
 658 	  0  	  0  	0.913	0.035	0.026	0.027	
 659 	  0  	  0  	0.936	0.035	0.015	0.014	
 660 	  0  	  0  	0.898	0.052	0.023	0.027	
 661 	  0  	  0  	0.930	0.028	0.023	0.019	
 662 	  0  	  0  	0.879	0.073	0.028	0.021	
 663 	  0  	  0  	0.908	0.045	0.022	0.025	
 664 	  0  	  0  	0.904	0.053	0.019	0.023	
 665 	  0  	  0  	0.933	0.026	0.025	0.016	
 666 	  0  	  0  	0.923	0.029	0.029	0.019	
 667 	  0  	  0  	0.927	0.031	0.023	0.019	
 668 	  0  	  0  	0.913	0.034	0.032	0.021	
 669 	  0  	  0  	0.917	0.037	0.024	0.022	
 670 	  0  	  0  	0.916	0.037	0.026	0.020	
 671 	  0  	  0  	0.918	0.037	0.024	0.021	
 672 	  0  	  0  	0.919	0.036	0.023	0.023	
 673 	  0  	  0  	0.906	0.046	0.028	0.020	
 674 	  0  	  0  	0.934	0.031	0.022	0.013	
 675 	  0  	  0  	0.926	0.032	0.023	0.019	
 676 	  0  	  0  	0.879	0.071	0.037	0.013	
 677 	  0  	  0  	0.905	0.043	0.028	0.024	
 678 	  0  	  0  	0.914	0.038	0.028	0.020	
 679 	  0  	  0  	0.912	0.036	0.030	0.023	
 680 	  0  	  0  	0.921	0.038	0.021	0.020	
 681 	  0  	  0  	0.931	0.026	0.027	0.016	
 682 	  0  	  0  	0.928	0.028	0.025	0.020	
 683 	  0  	  0  	0.922	0.029	0.029	0.020	
 684 	  0  	  0  	0.927	0.029	0.025	0.019	
 685 	  0  	  0  	0.935	0.034	0.015	0.016	
 686 	  0  	  0  	0.927	0.021	0.030	0.022	
 687 	  0  	  0  	0.927	0.029	0.025	0.018	
 688 	  0  	  0  	0.908	0.038	0.024	0.030	
 689 	  0  	  0  	0.912	0.030	0.033	0.024	
 690 	  0  	  0  	0.897	0.033	0.050	0.020	
 691 	  0  	  0  	0.914	0.031	0.026	0.029	
 692 	  0  	  0  	0.874	0.071	0.039	0.017	
 693 	  0  	  0  	0.888	0.053	0.040	0.020	
 694 	  0  	  0  	0.896	0.054	0.032	0.018	
 695 	  0  	  0  	0.729	0.179	0.068	0.024	
 696 	  0  	  0  	0.861	0.073	0.042	0.024	
 697 	  0  	  0  	0.900	0.048	0.033	0.018	
 698 	  0  	  0  	0.902	0.035	0.032	0.031	
 699 	  0  	  0  	0.886	0.075	0.023	0.016	
 700 	  0  	  0  	0.911	0.040	0.025	0.024	
 701 	  0  	  0  	0.903	0.040	0.030	0.027	
 702 	  0  	  0  	0.901	0.044	0.031	0.024	
 703 	  0  	  0  	0.913	0.035	0.026	0.027	
 704 	  0  	  0  	0.928	0.034	0.014	0.023	
 705 	  0  	  0  	0.916	0.037	0.026	0.020	
 706 	  0  	  0  	0.920	0.031	0.026	0.023	
 707 	  0  	  0  	0.896	0.059	0.026	0.019	
 708 	  0  	  0  	0.923	0.033	0.026	0.018	
 709 	  0  	  0  	0.908	0.042	0.026	0.025	
 710 	  0  	  0  	0.924	0.032	0.023	0.021	
 711 	  0  	  0  	0.861	0.079	0.037	0.023	
 712 	  0  	  0  	0.928	0.034	0.014	0.023	
 713 	  0  	  0  	0.911	0.033	0.033	0.023	
 714 	  0  	  0  	0.914	0.041	0.017	0.027	
 715 	  0  	  0  	0.926	0.032	0.028	0.014	
 716 	  0  	  0  	0.923	0.030	0.024	0.022	
 717 	  0  	  0  	0.913	0.032	0.035	0.020	
 718 	  0  	  0  	0.921	0.028	0.035	0.017	
 719 	  0  	  0  	0.919	0.025	0.036	0.020	
 720 	  0  	  0  	0.930	0.027	0.026	0.017	
 721 	  0  	  0  	0.926	0.023	0.025	0.026	
 722 	  0  	  0  	0.912	0.032	0.040	0.016	
 723 	  0  	  0  	0.921	0.021	0.028	0.029	
 724 	  0  	  0  	0.916	0.035	0.033	0.016	
 725 	  0  	  0  	0.902	0.050	0.031	0.017	
 726 	  0  	  0  	0.878	0.077	0.028	0.017	
 727 	  0  	  0  	0.909	0.040	0.036	0.016	
 728 	  0  	  0  	0.930	0.033	0.022	0.014	
 729 	  0  	  0  	0.876	0.057	0.044	0.024	
 730 	  0  	  0  	0.914	0.034	0.033	0.019	
 731 	  0  	  0  	0.917	0.022	0.045	0.016	
 732 	  0  	  0  	0.860	0.075	0.038	0.026	
 733 	  0  	  0  	0.926	0.037	0.023	0.014	
 734 	  0  	  0  	0.915	0.044	0.027	0.015	
 735 	  0  	  0  	0.864	0.083	0.036	0.017	
 736 	  0  	  0  	0.914	0.047	0.022	0.017	
 737 	  0  	  0  	0.898	0.045	0.040	0.017	
 738 	  0  	  0  	0.888	0.065	0.023	0.024	
 739 	  0  	  0  	0.888	0.060	0.038	0.014	
 740 	  0  	  0  	0.902	0.042	0.038	0.017	
 741 	  0  	  0  	0.925	0.041	0.015	0.018	
 742 	  0  	  0  	0.897	0.051	0.032	0.021	
 743 	  0  	  0  	0.911	0.042	0.027	0.020	
 744 	  0  	  0  	0.914	0.031	0.032	0.023	
 745 	  0  	  0  	0.837	0.081	0.041	0.042	
 746 	  0  	  0  	0.852	0.083	0.040	0.024	
 747 	  0  	  0  	0.908	0.038	0.031	0.023	
 748 	  0  	  0  	0.921	0.038	0.017	0.023	
 749 	  0  	  0  	0.927	0.027	0.025	0.021	
 750 	  0  	  0  	0.908	0.042	0.024	0.025	
 751 	  0  	  0  	0.918	0.042	0.024	0.016	
 752 	  0  	  0  	0.912	0.039	0.033	0.016	
 753 	  0  	  0  	0.927	0.027	0.025	0.021	
 754 	  0  	  0  	0.928	0.029	0.020	0.023	
 755 	  0  	  0  	0.917	0.041	0.028	0.014	
 756 	  0  	  0  	0.908	0.042	0.024	0.025	
 757 	  0  	  0  	0.929	0.023	0.034	0.013	
 758 	  0  	  0  	0.864	0.063	0.050	0.023	
 759 	  0  	  0  	0.906	0.042	0.025	0.026	
 760 	  0  	  0  	0.923	0.032	0.030	0.014	
 761 	  0  	  0  	0.882	0.070	0.027	0.021	
 762 	  0  	  0  	0.922	0.036	0.022	0.021	
 763 	  0  	  0  	0.963	0.014	0.012	0.011	
 764 	  0  	  0  	0.963	0.014	0.013	0.011	
 765 	  0  	  0  	0.901	0.031	0.041	0.028	
 766 	  0  	  0  	0.963	0.013	0.012	0.012	
 767 	  0  	  0  	0.901	0.033	0.034	0.032	
 768 	  0  	  0  	0.962	0.013	0.013	0.012	
 769 	  0  	  0  	0.894	0.055	0.035	0.015	
 770 	  0  	  0  	0.879	0.067	0.034	0.021	
 771 	  0  	  0  	0.963	0.014	0.012	0.011	
 772 	  0  	  0  	0.871	0.069	0.037	0.023	
 773 	  0  	  0  	0.963	0.014	0.013	0.011	
 774 	  0  	  0  	0.896	0.031	0.041	0.032	
 775 	  0  	  0  	0.882	0.038	0.045	0.034	
 776 	  0  	  0  	0.901	0.031	0.041	0.028	
 777 	  0  	  0  	0.963	0.013	0.012	0.012	
 778 	  0  	  0  	0.904	0.028	0.036	0.032	
 779 	  0  	  0  	0.901	0.033	0.034	0.032	
 780 	  0  	  0  	0.962	0.013	0.013	0.012	
 781 	  0  	  0  	0.913	0.035	0.034	0.017	
 782 	  0  	  0  	0.899	0.038	0.046	0.017	
 783 	  0  	  0  	0.903	0.038	0.036	0.023	
 784 	  0  	  0  	0.929	0.029	0.025	0.017	
 785 	  0  	  0  	0.906	0.045	0.033	0.017	
 786 	  0  	  0  	0.873	0.047	0.037	0.043	
 787 	  0  	  0  	0.920	0.041	0.020	0.018	
 788 	  0  	  0  	0.916	0.049	0.016	0.019	
 789 	  0  	  0  	0.940	0.023	0.021	0.016	
 790 	  0  	  0  	0.903	0.040	0.034	0.022	
 791 	  0  	  0  	0.922	0.037	0.023	0.018	
 792 	  0  	  0  	0.929	0.035	0.024	0.012	
 793 	  0  	  0  	0.916	0.041	0.017	0.026	
 794 	  0  	  0  	0.960	0.006	0.014	0.020	
 795 	  0  	  0  	0.827	0.072	0.040	0.061	
 796 	  0  	  0  	0.910	0.052	0.024	0.015	
 797 	  0  	  0  	0.855	0.034	0.042	0.069	
 798 	  0  	  0  	0.934	0.025	0.025	0.017	
 799 	  0  	  0  	0.952	0.010	0.015	0.023	
 800 	  0  	  0  	0.926	0.031	0.027	0.017	
 801 	  0  	  0  	0.954	0.011	0.015	0.020	
 802 	  0  	  0  	0.918	0.037	0.028	0.016	
 803 	  0  	  0  	0.920	0.027	0.027	0.025	
 804 	  0  	  0  	0.927	0.020	0.032	0.021	
 805 	  0  	  0  	0.940	0.020	0.018	0.022	
 806 	  0  	  0  	0.871	0.068	0.040	0.021	
 807 	  0  	  0  	0.921	0.041	0.016	0.023	
 808 	  0  	  0  	0.918	0.032	0.024	0.026	
 809 	  0  	  0  	0.905	0.034	0.036	0.025	
 810 	  0  	  0  	0.947	0.030	0.012	0.011	
 811 	  0  	  0  	0.926	0.028	0.025	0.021	
 812 	  0  	  0  	0.928	0.026	0.029	0.017	
 813 	  0  	  0  	0.905	0.063	0.022	0.011	
 814 	  0  	  0  	0.915	0.039	0.027	0.018	
 815 	  0  	  0  	0.891	0.053	0.034	0.022	
 816 	  0  	  0  	0.843	0.092	0.049	0.016	
 817 	  0  	  0  	0.939	0.027	0.024	0.010	
 818 	  0  	  0  	0.916	0.036	0.023	0.025	
 819 	  0  	  0  	0.944	0.016	0.020	0.020	
 820 	  0  	  0  	0.898	0.044	0.035	0.024	
 821 	  0  	  0  	0.889	0.073	0.022	0.016	
 822 	  0  	  0  	0.905	0.046	0.027	0.022	
 823 	  0  	  0  	0.916	0.047	0.021	0.015	
 824 	  0  	  0  	0.927	0.024	0.026	0.024	
 825 	  0  	  0  	0.925	0.017	0.035	0.023	
 826 	  0  	  0  	0.897	0.070	0.016	0.018	
 827 	  0  	  0  	0.907	0.039	0.035	0.018	
 828 	  0  	  0  	0.927	0.027	0.027	0.018	
 829 	  0  	  0  	0.971	0.011	0.011	0.007	
 830 	  0  	  0  	0.909	0.035	0.030	0.026	
 831 	  0  	  0  	0.927	0.030	0.025	0.018	
 832 	  0  	  0  	0.962	0.014	0.012	0.011	
 833 	  0  	  0  	0.928	0.027	0.025	0.020	
 834 	  0  	  0  	0.928	0.027	0.026	0.019	
 835 	  0  	  0  	0.837	0.090	0.045	0.028	
 836 	  0  	  0  	0.932	0.024	0.024	0.020	
 837 	  0  	  0  	0.890	0.045	0.047	0.018	
 838 	  0  	  0  	0.932	0.027	0.020	0.020	
 839 	  0  	  0  	0.929	0.031	0.025	0.015	
 840 	  3  	  0  	0.466	0.011	0.020	0.503	
 841 	  0  	  0  	0.926	0.032	0.027	0.015	
 842 	  0  	  0  	0.885	0.049	0.041	0.025	
 843 	  0  	  0  	0.843	0.095	0.040	0.023	
 844 	  0  	  0  	0.837	0.104	0.023	0.036	
 845 	  0  	  0  	0.778	0.152	0.043	0.027	
 846 	  0  	  0  	0.806	0.135	0.035	0.024	
 847 	  0  	  0  	0.815	0.115	0.037	0.033	
 848 	  0  	  0  	0.865	0.019	0.084	0.032	
 849 	  0  	  0  	0.815	0.115	0.037	0.033	
 850 	  0  	  0  	0.865	0.019	0.084	0.032	
 851 	  0  	  0  	0.887	0.057	0.031	0.025	
 852 	  0  	  0  	0.844	0.017	0.104	0.035	
 853 	  0  	  0  	0.897	0.051	0.037	0.015	
 854 	  0  	  0  	0.768	0.051	0.039	0.142	
