  no	pred	real	Good	Contact	Radius	Hole
  0  	  1  	  1  	0.034	0.885	0.038	0.043	
  1  	  1  	  1  	0.038	0.877	0.027	0.057	
  2  	  1  	  1  	0.044	0.879	0.031	0.047	
  3  	  1  	  1  	0.025	0.893	0.039	0.043	
  4  	  1  	  1  	0.034	0.885	0.038	0.043	
  5  	  1  	  1  	0.038	0.877	0.027	0.057	
  6  	  1  	  1  	0.031	0.905	0.033	0.031	
  7  	  1  	  1  	0.026	0.865	0.035	0.074	
  8  	  1  	  1  	0.047	0.837	0.054	0.062	
  9  	  1  	  1  	0.031	0.889	0.041	0.038	
 10  	  1  	  1  	0.033	0.859	0.061	0.047	
 11  	  1  	  1  	0.023	0.885	0.033	0.058	
 12  	  1  	  1  	0.035	0.899	0.034	0.033	
 13  	  1  	  1  	0.022	0.843	0.035	0.100	
 14  	  1  	  1  	0.032	0.884	0.037	0.047	
 15  	  1  	  1  	0.040	0.847	0.075	0.037	
 16  	  1  	  1  	0.035	0.895	0.038	0.032	
 17  	  1  	  1  	0.023	0.885	0.035	0.056	
 18  	  1  	  1  	0.035	0.838	0.046	0.081	
 19  	  1  	  1  	0.041	0.840	0.038	0.081	
 20  	  1  	  1  	0.034	0.853	0.034	0.079	
 21  	  1  	  1  	0.027	0.885	0.037	0.051	
 22  	  1  	  1  	0.028	0.866	0.037	0.069	
 23  	  1  	  1  	0.027	0.817	0.062	0.093	
 24  	  1  	  1  	0.018	0.909	0.039	0.034	
 25  	  1  	  1  	0.032	0.899	0.030	0.039	
 26  	  1  	  1  	0.031	0.896	0.035	0.038	
 27  	  1  	  1  	0.040	0.889	0.025	0.046	
 28  	  1  	  1  	0.026	0.894	0.028	0.051	
 29  	  1  	  1  	0.028	0.894	0.026	0.051	
 30  	  1  	  1  	0.039	0.889	0.028	0.044	
 31  	  1  	  1  	0.037	0.888	0.025	0.050	
 32  	  1  	  1  	0.034	0.894	0.029	0.042	
 33  	  1  	  1  	0.044	0.866	0.026	0.064	
 34  	  1  	  1  	0.033	0.901	0.023	0.044	
 35  	  1  	  1  	0.034	0.900	0.028	0.037	
 36  	  1  	  1  	0.030	0.895	0.032	0.042	
 37  	  1  	  1  	0.027	0.897	0.031	0.045	
 38  	  1  	  1  	0.029	0.898	0.037	0.036	
 39  	  1  	  1  	0.034	0.890	0.023	0.052	
 40  	  1  	  1  	0.022	0.896	0.032	0.050	
 41  	  1  	  1  	0.044	0.881	0.037	0.038	
 42  	  1  	  1  	0.027	0.897	0.031	0.045	
 43  	  1  	  1  	0.034	0.890	0.023	0.052	
 44  	  1  	  1  	0.022	0.896	0.032	0.050	
 45  	  1  	  1  	0.044	0.881	0.037	0.038	
 46  	  1  	  1  	0.022	0.886	0.029	0.063	
 47  	  1  	  1  	0.028	0.884	0.029	0.059	
 48  	  1  	  1  	0.024	0.900	0.029	0.047	
 49  	  1  	  1  	0.022	0.890	0.045	0.043	
 50  	  1  	  1  	0.032	0.888	0.028	0.052	
 51  	  1  	  1  	0.034	0.880	0.028	0.057	
 52  	  1  	  1  	0.031	0.905	0.028	0.037	
 53  	  1  	  1  	0.033	0.888	0.025	0.054	
 54  	  1  	  1  	0.034	0.880	0.028	0.057	
 55  	  1  	  1  	0.031	0.905	0.028	0.037	
 56  	  1  	  1  	0.033	0.888	0.025	0.054	
 57  	  1  	  1  	0.038	0.890	0.028	0.045	
 58  	  1  	  1  	0.025	0.865	0.035	0.075	
 59  	  1  	  1  	0.020	0.906	0.028	0.046	
 60  	  1  	  1  	0.042	0.886	0.027	0.045	
 61  	  1  	  1  	0.047	0.880	0.026	0.047	
 62  	  1  	  1  	0.032	0.906	0.031	0.030	
 63  	  1  	  1  	0.025	0.888	0.037	0.050	
 64  	  1  	  1  	0.047	0.880	0.026	0.047	
 65  	  1  	  1  	0.025	0.868	0.037	0.070	
 66  	  1  	  1  	0.045	0.835	0.035	0.085	
 67  	  1  	  1  	0.033	0.894	0.040	0.032	
 68  	  1  	  1  	0.058	0.813	0.033	0.096	
 69  	  1  	  1  	0.047	0.862	0.034	0.057	
 70  	  1  	  1  	0.027	0.899	0.030	0.044	
 71  	  1  	  1  	0.030	0.920	0.020	0.030	
 72  	  1  	  1  	0.022	0.889	0.039	0.050	
 73  	  1  	  1  	0.027	0.900	0.036	0.038	
 74  	  1  	  1  	0.019	0.908	0.036	0.037	
 75  	  1  	  1  	0.027	0.900	0.019	0.053	
 76  	  1  	  1  	0.023	0.915	0.029	0.033	
 77  	  1  	  1  	0.020	0.909	0.033	0.038	
 78  	  1  	  1  	0.013	0.877	0.055	0.055	
 79  	  1  	  1  	0.014	0.889	0.041	0.055	
 80  	  1  	  1  	0.015	0.899	0.032	0.054	
 81  	  1  	  1  	0.016	0.891	0.035	0.058	
 82  	  1  	  1  	0.038	0.838	0.071	0.053	
 83  	  1  	  1  	0.033	0.905	0.034	0.028	
 84  	  1  	  1  	0.028	0.854	0.041	0.077	
 85  	  1  	  1  	0.035	0.916	0.024	0.026	
 86  	  1  	  1  	0.028	0.883	0.036	0.053	
 87  	  1  	  1  	0.034	0.895	0.042	0.029	
 88  	  1  	  1  	0.032	0.877	0.037	0.054	
 89  	  1  	  1  	0.056	0.893	0.021	0.030	
 90  	  1  	  1  	0.034	0.892	0.029	0.045	
 91  	  1  	  1  	0.045	0.862	0.043	0.050	
 92  	  1  	  1  	0.034	0.889	0.024	0.053	
 93  	  1  	  1  	0.044	0.850	0.043	0.063	
 94  	  1  	  1  	0.038	0.889	0.030	0.042	
 95  	  1  	  1  	0.029	0.889	0.035	0.047	
 96  	  1  	  1  	0.030	0.900	0.031	0.038	
 97  	  1  	  1  	0.040	0.884	0.013	0.063	
 98  	  1  	  1  	0.074	0.840	0.031	0.055	
 99  	  1  	  1  	0.025	0.892	0.027	0.056	
 100 	  1  	  1  	0.037	0.886	0.030	0.047	
 101 	  1  	  1  	0.025	0.856	0.040	0.078	
 102 	  1  	  1  	0.019	0.871	0.045	0.065	
 103 	  1  	  1  	0.022	0.906	0.031	0.041	
 104 	  1  	  1  	0.029	0.875	0.034	0.062	
 105 	  1  	  1  	0.022	0.880	0.033	0.065	
 106 	  1  	  1  	0.039	0.878	0.030	0.053	
 107 	  1  	  1  	0.034	0.892	0.033	0.041	
 108 	  1  	  1  	0.031	0.863	0.052	0.054	
 109 	  1  	  1  	0.038	0.862	0.030	0.070	
 110 	  1  	  1  	0.025	0.897	0.036	0.042	
 111 	  1  	  1  	0.027	0.898	0.035	0.040	
 112 	  1  	  1  	0.081	0.873	0.022	0.025	
 113 	  1  	  1  	0.028	0.898	0.030	0.044	
 114 	  1  	  1  	0.033	0.901	0.032	0.035	
 115 	  1  	  1  	0.021	0.881	0.032	0.066	
 116 	  1  	  1  	0.033	0.897	0.030	0.040	
 117 	  1  	  1  	0.024	0.869	0.044	0.063	
 118 	  1  	  1  	0.028	0.883	0.050	0.039	
 119 	  1  	  1  	0.029	0.879	0.027	0.064	
 120 	  1  	  1  	0.028	0.884	0.030	0.058	
 121 	  1  	  1  	0.041	0.893	0.026	0.039	
 122 	  1  	  1  	0.030	0.881	0.034	0.055	
 123 	  1  	  1  	0.032	0.873	0.027	0.068	
 124 	  1  	  1  	0.021	0.882	0.035	0.062	
 125 	  1  	  1  	0.055	0.879	0.027	0.038	
 126 	  1  	  1  	0.039	0.894	0.026	0.042	
 127 	  1  	  1  	0.037	0.899	0.026	0.037	
 128 	  1  	  1  	0.025	0.889	0.032	0.053	
 129 	  1  	  1  	0.043	0.891	0.014	0.052	
 130 	  1  	  1  	0.040	0.890	0.028	0.042	
 131 	  1  	  1  	0.035	0.893	0.031	0.041	
 132 	  1  	  1  	0.031	0.847	0.045	0.077	
 133 	  1  	  1  	0.033	0.875	0.029	0.063	
 134 	  1  	  1  	0.022	0.893	0.040	0.045	
 135 	  1  	  1  	0.027	0.900	0.032	0.040	
 136 	  1  	  1  	0.038	0.885	0.021	0.056	
 137 	  1  	  1  	0.037	0.851	0.034	0.078	
 138 	  1  	  1  	0.035	0.860	0.041	0.065	
 139 	  1  	  1  	0.022	0.908	0.028	0.042	
 140 	  1  	  1  	0.030	0.850	0.033	0.087	
 141 	  1  	  1  	0.052	0.782	0.066	0.100	
 142 	  1  	  1  	0.170	0.690	0.079	0.061	
 143 	  3  	  1  	0.057	0.035	0.029	0.879	
 144 	  1  	  1  	0.114	0.653	0.156	0.078	
 145 	  1  	  1  	0.097	0.803	0.049	0.051	
 146 	  2  	  2  	0.037	0.023	0.888	0.053	
 147 	  2  	  2  	0.037	0.024	0.897	0.041	
 148 	  2  	  2  	0.026	0.033	0.910	0.031	
 149 	  2  	  2  	0.035	0.037	0.891	0.037	
 150 	  2  	  2  	0.031	0.038	0.893	0.038	
 151 	  2  	  2  	0.038	0.023	0.911	0.028	
 152 	  2  	  2  	0.021	0.018	0.908	0.053	
 153 	  2  	  2  	0.032	0.024	0.916	0.028	
 154 	  2  	  2  	0.031	0.019	0.909	0.040	
 155 	  2  	  2  	0.026	0.028	0.913	0.033	
 156 	  2  	  2  	0.032	0.022	0.906	0.040	
 157 	  2  	  2  	0.031	0.024	0.908	0.036	
 158 	  2  	  2  	0.023	0.025	0.906	0.045	
 159 	  2  	  2  	0.021	0.023	0.921	0.035	
 160 	  2  	  2  	0.034	0.024	0.910	0.032	
 161 	  2  	  2  	0.025	0.024	0.915	0.036	
 162 	  2  	  2  	0.028	0.018	0.897	0.058	
 163 	  2  	  2  	0.023	0.027	0.914	0.036	
 164 	  2  	  2  	0.031	0.025	0.908	0.036	
 165 	  2  	  2  	0.018	0.030	0.917	0.035	
 166 	  2  	  2  	0.028	0.041	0.880	0.051	
 167 	  2  	  2  	0.037	0.031	0.893	0.039	
 168 	  2  	  2  	0.035	0.022	0.889	0.054	
 169 	  2  	  2  	0.029	0.029	0.904	0.039	
 170 	  2  	  2  	0.027	0.022	0.918	0.034	
 171 	  2  	  2  	0.023	0.023	0.913	0.041	
 172 	  2  	  2  	0.029	0.034	0.883	0.053	
 173 	  2  	  2  	0.023	0.030	0.902	0.045	
 174 	  2  	  2  	0.029	0.026	0.890	0.055	
 175 	  2  	  2  	0.020	0.022	0.920	0.038	
 176 	  2  	  2  	0.034	0.026	0.910	0.029	
 177 	  2  	  2  	0.028	0.023	0.896	0.052	
 178 	  2  	  2  	0.032	0.024	0.901	0.043	
 179 	  2  	  2  	0.038	0.024	0.904	0.034	
 180 	  2  	  2  	0.040	0.026	0.903	0.032	
 181 	  2  	  2  	0.034	0.026	0.910	0.029	
 182 	  2  	  2  	0.031	0.021	0.895	0.052	
 183 	  2  	  2  	0.039	0.026	0.867	0.068	
 184 	  2  	  2  	0.036	0.025	0.904	0.034	
 185 	  2  	  2  	0.029	0.024	0.902	0.044	
 186 	  2  	  2  	0.028	0.020	0.926	0.026	
 187 	  2  	  2  	0.028	0.022	0.916	0.034	
 188 	  2  	  2  	0.032	0.032	0.907	0.028	
 189 	  2  	  2  	0.020	0.027	0.915	0.038	
 190 	  2  	  2  	0.029	0.049	0.900	0.022	
 191 	  2  	  2  	0.025	0.028	0.920	0.027	
 192 	  2  	  2  	0.029	0.028	0.914	0.029	
 193 	  2  	  2  	0.017	0.030	0.903	0.050	
 194 	  2  	  2  	0.030	0.028	0.913	0.029	
 195 	  2  	  2  	0.017	0.033	0.918	0.032	
 196 	  2  	  2  	0.029	0.020	0.925	0.027	
 197 	  2  	  2  	0.026	0.021	0.916	0.037	
 198 	  2  	  2  	0.029	0.027	0.911	0.033	
 199 	  2  	  2  	0.016	0.035	0.912	0.037	
 200 	  2  	  2  	0.032	0.024	0.905	0.040	
 201 	  2  	  2  	0.023	0.030	0.908	0.040	
 202 	  2  	  2  	0.030	0.027	0.912	0.032	
 203 	  2  	  2  	0.032	0.024	0.905	0.040	
 204 	  2  	  2  	0.035	0.025	0.904	0.036	
 205 	  2  	  2  	0.024	0.025	0.906	0.045	
 206 	  2  	  2  	0.028	0.025	0.903	0.043	
 207 	  2  	  2  	0.031	0.022	0.872	0.075	
 208 	  2  	  2  	0.024	0.026	0.895	0.056	
 209 	  2  	  2  	0.031	0.027	0.900	0.042	
 210 	  2  	  2  	0.042	0.027	0.876	0.055	
 211 	  2  	  2  	0.046	0.025	0.895	0.033	
 212 	  2  	  2  	0.031	0.031	0.905	0.032	
 213 	  2  	  2  	0.044	0.024	0.889	0.043	
 214 	  2  	  2  	0.022	0.028	0.900	0.050	
 215 	  2  	  2  	0.034	0.020	0.895	0.051	
 216 	  2  	  2  	0.027	0.024	0.898	0.050	
 217 	  2  	  2  	0.034	0.020	0.895	0.051	
 218 	  2  	  2  	0.027	0.024	0.898	0.050	
 219 	  2  	  2  	0.033	0.025	0.886	0.055	
 220 	  2  	  2  	0.023	0.032	0.910	0.034	
 221 	  2  	  2  	0.025	0.027	0.913	0.035	
 222 	  2  	  2  	0.028	0.020	0.912	0.039	
 223 	  2  	  2  	0.019	0.036	0.908	0.037	
 224 	  2  	  2  	0.024	0.032	0.909	0.035	
 225 	  2  	  2  	0.028	0.020	0.912	0.039	
 226 	  2  	  2  	0.024	0.026	0.909	0.041	
 227 	  2  	  2  	0.023	0.020	0.910	0.047	
 228 	  2  	  2  	0.034	0.030	0.867	0.069	
 229 	  2  	  2  	0.040	0.025	0.890	0.044	
 230 	  2  	  2  	0.022	0.031	0.909	0.038	
 231 	  2  	  2  	0.022	0.031	0.909	0.038	
 232 	  2  	  2  	0.034	0.030	0.867	0.069	
 233 	  2  	  2  	0.023	0.024	0.871	0.082	
 234 	  2  	  2  	0.028	0.025	0.922	0.025	
 235 	  2  	  2  	0.021	0.027	0.876	0.076	
 236 	  2  	  2  	0.041	0.043	0.884	0.031	
 237 	  2  	  2  	0.038	0.020	0.907	0.034	
 238 	  2  	  2  	0.036	0.017	0.910	0.038	
 239 	  2  	  2  	0.029	0.018	0.915	0.038	
 240 	  2  	  2  	0.027	0.032	0.904	0.037	
 241 	  2  	  2  	0.022	0.028	0.910	0.040	
 242 	  2  	  2  	0.027	0.027	0.910	0.036	
 243 	  2  	  2  	0.039	0.022	0.889	0.050	
 244 	  2  	  2  	0.031	0.018	0.912	0.039	
 245 	  2  	  2  	0.022	0.033	0.897	0.049	
 246 	  2  	  2  	0.022	0.043	0.893	0.042	
 247 	  2  	  2  	0.023	0.045	0.874	0.058	
 248 	  2  	  2  	0.022	0.028	0.905	0.045	
 249 	  2  	  2  	0.040	0.025	0.897	0.038	
 250 	  2  	  2  	0.028	0.023	0.915	0.034	
 251 	  2  	  2  	0.024	0.021	0.903	0.051	
 252 	  2  	  2  	0.032	0.018	0.914	0.036	
 253 	  2  	  2  	0.035	0.026	0.894	0.045	
 254 	  2  	  2  	0.040	0.022	0.870	0.068	
 255 	  2  	  2  	0.032	0.049	0.881	0.038	
 256 	  2  	  2  	0.034	0.022	0.913	0.030	
 257 	  2  	  2  	0.030	0.022	0.915	0.033	
 258 	  2  	  2  	0.027	0.028	0.902	0.043	
 259 	  2  	  2  	0.031	0.023	0.907	0.039	
 260 	  2  	  2  	0.019	0.026	0.919	0.037	
 261 	  3  	  3  	0.023	0.014	0.015	0.947	
 262 	  3  	  3  	0.038	0.035	0.024	0.903	
 263 	  3  	  3  	0.031	0.029	0.022	0.919	
 264 	  3  	  3  	0.035	0.023	0.022	0.921	
 265 	  3  	  3  	0.021	0.041	0.026	0.912	
 266 	  3  	  3  	0.031	0.031	0.036	0.902	
 267 	  3  	  3  	0.032	0.028	0.035	0.905	
 268 	  3  	  3  	0.028	0.031	0.039	0.901	
 269 	  3  	  3  	0.042	0.023	0.027	0.909	
 270 	  3  	  3  	0.040	0.023	0.021	0.915	
 271 	  3  	  3  	0.032	0.034	0.031	0.902	
 272 	  3  	  3  	0.045	0.026	0.028	0.901	
 273 	  3  	  3  	0.032	0.020	0.022	0.925	
 274 	  3  	  3  	0.036	0.028	0.034	0.902	
 275 	  3  	  3  	0.045	0.027	0.027	0.900	
 276 	  3  	  3  	0.022	0.025	0.028	0.926	
 277 	  3  	  3  	0.026	0.037	0.026	0.911	
 278 	  3  	  3  	0.042	0.029	0.026	0.902	
 279 	  3  	  3  	0.029	0.026	0.021	0.925	
 280 	  3  	  3  	0.030	0.028	0.030	0.912	
 281 	  3  	  3  	0.033	0.036	0.031	0.901	
 282 	  3  	  3  	0.031	0.022	0.027	0.921	
 283 	  3  	  3  	0.034	0.035	0.030	0.901	
 284 	  3  	  3  	0.018	0.023	0.029	0.930	
 285 	  3  	  3  	0.026	0.028	0.051	0.895	
 286 	  3  	  3  	0.017	0.020	0.026	0.938	
 287 	  3  	  3  	0.395	0.038	0.033	0.535	
 288 	  3  	  3  	0.021	0.027	0.035	0.917	
 289 	  3  	  3  	0.044	0.021	0.039	0.897	
 290 	  3  	  3  	0.020	0.021	0.029	0.930	
 291 	  3  	  3  	0.024	0.027	0.019	0.929	
 292 	  3  	  3  	0.033	0.027	0.031	0.909	
 293 	  3  	  3  	0.017	0.023	0.026	0.934	
 294 	  3  	  3  	0.044	0.018	0.038	0.899	
 295 	  3  	  3  	0.036	0.037	0.029	0.897	
 296 	  3  	  3  	0.025	0.025	0.019	0.931	
 297 	  3  	  3  	0.030	0.029	0.028	0.913	
 298 	  3  	  3  	0.035	0.038	0.027	0.900	
 299 	  3  	  3  	0.037	0.029	0.035	0.899	
 300 	  3  	  3  	0.039	0.023	0.029	0.909	
 301 	  3  	  3  	0.021	0.023	0.019	0.938	
 302 	  3  	  3  	0.028	0.035	0.019	0.918	
 303 	  3  	  3  	0.032	0.042	0.024	0.902	
 304 	  3  	  3  	0.018	0.023	0.019	0.941	
 305 	  3  	  3  	0.042	0.022	0.027	0.909	
 306 	  3  	  3  	0.033	0.034	0.025	0.908	
 307 	  3  	  3  	0.030	0.041	0.024	0.904	
 308 	  3  	  3  	0.024	0.029	0.017	0.930	
 309 	  3  	  3  	0.040	0.030	0.025	0.906	
 310 	  3  	  3  	0.041	0.039	0.021	0.899	
 311 	  3  	  3  	0.036	0.042	0.032	0.891	
 312 	  3  	  3  	0.029	0.024	0.035	0.912	
 313 	  3  	  3  	0.032	0.023	0.026	0.920	
 314 	  3  	  3  	0.028	0.023	0.041	0.909	
 315 	  3  	  3  	0.036	0.021	0.049	0.894	
 316 	  3  	  3  	0.031	0.018	0.033	0.917	
 317 	  3  	  3  	0.022	0.028	0.016	0.935	
 318 	  3  	  3  	0.037	0.018	0.046	0.899	
 319 	  3  	  3  	0.020	0.031	0.017	0.932	
 320 	  3  	  3  	0.031	0.048	0.023	0.898	
 321 	  3  	  3  	0.034	0.027	0.036	0.903	
 322 	  3  	  3  	0.023	0.026	0.029	0.921	
 323 	  3  	  3  	0.019	0.035	0.021	0.925	
 324 	  3  	  3  	0.027	0.025	0.035	0.913	
 325 	  3  	  3  	0.029	0.039	0.024	0.908	
 326 	  3  	  3  	0.028	0.018	0.030	0.924	
 327 	  3  	  3  	0.076	0.028	0.049	0.847	
 328 	  3  	  3  	0.024	0.024	0.021	0.931	
 329 	  3  	  3  	0.026	0.028	0.033	0.914	
 330 	  3  	  3  	0.029	0.029	0.020	0.921	
 331 	  3  	  3  	0.043	0.031	0.023	0.903	
 332 	  3  	  3  	0.032	0.019	0.028	0.921	
 333 	  3  	  3  	0.034	0.020	0.028	0.917	
 334 	  3  	  3  	0.033	0.016	0.056	0.895	
 335 	  3  	  3  	0.025	0.051	0.019	0.905	
 336 	  3  	  3  	0.027	0.019	0.037	0.918	
 337 	  3  	  3  	0.023	0.044	0.026	0.907	
 338 	  3  	  3  	0.016	0.022	0.027	0.935	
 339 	  3  	  3  	0.036	0.033	0.042	0.889	
 340 	  3  	  3  	0.032	0.027	0.038	0.903	
 341 	  3  	  3  	0.033	0.033	0.023	0.911	
 342 	  3  	  3  	0.036	0.022	0.027	0.915	
 343 	  3  	  3  	0.032	0.029	0.041	0.898	
 344 	  3  	  3  	0.034	0.031	0.029	0.907	
 345 	  3  	  3  	0.035	0.025	0.026	0.914	
 346 	  3  	  3  	0.030	0.033	0.026	0.911	
 347 	  3  	  3  	0.040	0.033	0.029	0.899	
 348 	  3  	  3  	0.030	0.041	0.032	0.896	
 349 	  3  	  3  	0.032	0.024	0.034	0.910	
 350 	  3  	  3  	0.050	0.021	0.041	0.888	
 351 	  3  	  3  	0.051	0.021	0.038	0.891	
 352 	  3  	  3  	0.026	0.031	0.025	0.918	
 353 	  3  	  3  	0.031	0.033	0.020	0.916	
 354 	  3  	  3  	0.028	0.038	0.035	0.899	
 355 	  3  	  3  	0.026	0.030	0.025	0.919	
 356 	  3  	  3  	0.034	0.042	0.017	0.907	
 357 	  3  	  3  	0.033	0.037	0.029	0.901	
 358 	  3  	  3  	0.039	0.027	0.037	0.897	
 359 	  3  	  3  	0.039	0.033	0.049	0.880	
 360 	  3  	  3  	0.027	0.038	0.032	0.904	
 361 	  3  	  3  	0.044	0.022	0.021	0.913	
 362 	  3  	  3  	0.019	0.039	0.032	0.910	
 363 	  3  	  3  	0.030	0.043	0.029	0.898	
 364 	  3  	  3  	0.036	0.032	0.026	0.907	
 365 	  3  	  3  	0.022	0.024	0.032	0.921	
 366 	  3  	  3  	0.038	0.029	0.036	0.897	
 367 	  3  	  3  	0.036	0.032	0.027	0.904	
 368 	  3  	  3  	0.030	0.020	0.035	0.916	
 369 	  3  	  3  	0.043	0.024	0.036	0.896	
 370 	  3  	  3  	0.022	0.024	0.032	0.921	
 371 	  3  	  3  	0.038	0.029	0.036	0.897	
 372 	  3  	  3  	0.019	0.039	0.032	0.910	
 373 	  3  	  3  	0.030	0.043	0.029	0.898	
 374 	  3  	  3  	0.036	0.032	0.026	0.907	
 375 	  3  	  3  	0.040	0.029	0.033	0.898	
 376 	  3  	  3  	0.026	0.036	0.027	0.911	
 377 	  3  	  3  	0.028	0.037	0.027	0.908	
 378 	  3  	  3  	0.051	0.021	0.026	0.902	
 379 	  3  	  3  	0.025	0.037	0.030	0.908	
 380 	  3  	  3  	0.036	0.024	0.021	0.920	
 381 	  3  	  3  	0.048	0.031	0.027	0.894	
 382 	  3  	  3  	0.034	0.028	0.024	0.914	
 383 	  3  	  3  	0.029	0.029	0.021	0.921	
 384 	  3  	  3  	0.029	0.037	0.037	0.898	
 385 	  3  	  3  	0.026	0.031	0.025	0.918	
 386 	  3  	  3  	0.031	0.033	0.020	0.916	
 387 	  3  	  3  	0.028	0.038	0.035	0.899	
 388 	  3  	  3  	0.025	0.045	0.026	0.904	
 389 	  3  	  3  	0.034	0.027	0.019	0.920	
 390 	  3  	  3  	0.030	0.032	0.029	0.909	
 391 	  3  	  3  	0.027	0.032	0.024	0.916	
 392 	  3  	  3  	0.033	0.026	0.018	0.923	
 393 	  3  	  3  	0.026	0.032	0.036	0.906	
 394 	  3  	  3  	0.024	0.037	0.022	0.916	
 395 	  3  	  3  	0.032	0.030	0.020	0.918	
 396 	  3  	  3  	0.038	0.037	0.042	0.883	
 397 	  3  	  3  	0.030	0.033	0.023	0.913	
 398 	  3  	  3  	0.033	0.027	0.024	0.916	
 399 	  3  	  3  	0.069	0.059	0.026	0.847	
 400 	  3  	  3  	0.027	0.031	0.023	0.919	
 401 	  3  	  3  	0.029	0.034	0.019	0.918	
 402 	  3  	  3  	0.040	0.041	0.023	0.896	
 403 	  3  	  3  	0.026	0.030	0.025	0.919	
 404 	  3  	  3  	0.034	0.042	0.017	0.907	
 405 	  3  	  3  	0.033	0.037	0.029	0.901	
 406 	  3  	  3  	0.012	0.021	0.015	0.952	
 407 	  3  	  3  	0.021	0.025	0.021	0.933	
 408 	  3  	  3  	0.012	0.021	0.015	0.952	
 409 	  3  	  3  	0.030	0.037	0.029	0.904	
 410 	  3  	  3  	0.012	0.020	0.015	0.952	
 411 	  3  	  3  	0.030	0.029	0.026	0.915	
 412 	  3  	  3  	0.044	0.027	0.027	0.902	
 413 	  3  	  3  	0.032	0.032	0.034	0.902	
 414 	  3  	  3  	0.026	0.029	0.030	0.915	
 415 	  3  	  3  	0.045	0.032	0.024	0.899	
 416 	  3  	  3  	0.030	0.031	0.039	0.900	
 417 	  3  	  3  	0.025	0.032	0.026	0.917	
 418 	  3  	  3  	0.041	0.033	0.024	0.902	
 419 	  3  	  3  	0.041	0.026	0.033	0.899	
 420 	  3  	  3  	0.024	0.029	0.027	0.920	
 421 	  3  	  3  	0.047	0.029	0.023	0.901	
 422 	  3  	  3  	0.031	0.032	0.038	0.900	
 423 	  3  	  3  	0.024	0.034	0.022	0.921	
 424 	  3  	  3  	0.032	0.026	0.033	0.909	
 425 	  3  	  3  	0.025	0.036	0.022	0.917	
 426 	  3  	  3  	0.035	0.024	0.028	0.913	
 427 	  3  	  3  	0.024	0.037	0.020	0.919	
 428 	  3  	  3  	0.030	0.025	0.029	0.916	
 429 	  3  	  3  	0.026	0.033	0.023	0.918	
 430 	  3  	  3  	0.030	0.026	0.035	0.910	
 431 	  3  	  3  	0.012	0.017	0.014	0.958	
 432 	  3  	  3  	0.038	0.064	0.024	0.874	
 433 	  3  	  3  	0.036	0.026	0.025	0.913	
 434 	  3  	  3  	0.038	0.027	0.026	0.910	
 435 	  3  	  3  	0.036	0.026	0.025	0.913	
 436 	  3  	  3  	0.038	0.027	0.026	0.910	
 437 	  3  	  3  	0.122	0.023	0.019	0.836	
 438 	  3  	  3  	0.122	0.023	0.019	0.836	
 439 	  3  	  3  	0.026	0.035	0.028	0.912	
 440 	  3  	  3  	0.023	0.033	0.037	0.907	
 441 	  3  	  3  	0.025	0.030	0.028	0.918	
 442 	  3  	  3  	0.031	0.032	0.031	0.907	
 443 	  3  	  3  	0.024	0.029	0.042	0.905	
 444 	  3  	  3  	0.027	0.024	0.030	0.918	
 445 	  3  	  3  	0.027	0.057	0.027	0.889	
 446 	  3  	  3  	0.030	0.032	0.034	0.905	
 447 	  3  	  3  	0.027	0.025	0.031	0.917	
 448 	  3  	  3  	0.034	0.036	0.031	0.899	
 449 	  3  	  3  	0.028	0.033	0.026	0.913	
 450 	  3  	  3  	0.027	0.025	0.031	0.917	
 451 	  3  	  3  	0.034	0.036	0.031	0.899	
 452 	  3  	  3  	0.028	0.033	0.026	0.913	
 453 	  3  	  3  	0.027	0.024	0.030	0.918	
 454 	  3  	  3  	0.027	0.057	0.027	0.889	
 455 	  3  	  3  	0.030	0.032	0.034	0.905	
 456 	  3  	  3  	0.030	0.029	0.031	0.910	
 457 	  3  	  3  	0.031	0.031	0.035	0.903	
 458 	  3  	  3  	0.031	0.028	0.022	0.919	
 459 	  3  	  3  	0.023	0.033	0.017	0.927	
 460 	  3  	  3  	0.027	0.032	0.027	0.914	
 461 	  3  	  3  	0.021	0.035	0.030	0.913	
 462 	  3  	  3  	0.062	0.029	0.021	0.887	
 463 	  3  	  3  	0.027	0.024	0.017	0.932	
 464 	  3  	  3  	0.021	0.027	0.033	0.919	
 465 	  3  	  3  	0.034	0.026	0.026	0.914	
 466 	  3  	  3  	0.026	0.043	0.029	0.902	
 467 	  3  	  3  	0.029	0.023	0.034	0.913	
 468 	  3  	  3  	0.017	0.026	0.018	0.939	
 469 	  3  	  3  	0.034	0.025	0.026	0.915	
 470 	  3  	  3  	0.027	0.046	0.035	0.892	
 471 	  3  	  3  	0.016	0.026	0.035	0.922	
 472 	  3  	  3  	0.019	0.030	0.032	0.920	
 473 	  3  	  3  	0.034	0.019	0.030	0.917	
 474 	  3  	  3  	0.015	0.028	0.026	0.932	
 475 	  3  	  3  	0.029	0.021	0.027	0.923	
 476 	  3  	  3  	0.034	0.020	0.053	0.893	
 477 	  3  	  3  	0.027	0.027	0.039	0.907	
 478 	  3  	  3  	0.059	0.016	0.023	0.902	
 479 	  3  	  3  	0.026	0.037	0.031	0.905	
 480 	  3  	  3  	0.037	0.033	0.022	0.907	
 481 	  3  	  3  	0.034	0.030	0.023	0.913	
 482 	  3  	  3  	0.042	0.036	0.028	0.894	
 483 	  3  	  3  	0.022	0.037	0.044	0.897	
 484 	  3  	  3  	0.025	0.027	0.025	0.922	
 485 	  3  	  3  	0.047	0.031	0.029	0.893	
 486 	  3  	  3  	0.022	0.022	0.026	0.930	
 487 	  3  	  3  	0.021	0.029	0.035	0.915	
 488 	  3  	  3  	0.027	0.016	0.026	0.931	
 489 	  3  	  3  	0.033	0.041	0.029	0.896	
 490 	  3  	  3  	0.026	0.020	0.030	0.924	
 491 	  3  	  3  	0.037	0.030	0.040	0.894	
 492 	  3  	  3  	0.031	0.021	0.031	0.917	
 493 	  3  	  3  	0.170	0.034	0.029	0.767	
 494 	  3  	  3  	0.046	0.033	0.032	0.888	
 495 	  3  	  3  	0.039	0.049	0.020	0.892	
 496 	  3  	  3  	0.034	0.022	0.028	0.915	
 497 	  3  	  3  	0.125	0.029	0.024	0.822	
 498 	  3  	  3  	0.028	0.043	0.025	0.904	
 499 	  3  	  3  	0.042	0.026	0.023	0.909	
 500 	  3  	  3  	0.033	0.030	0.034	0.903	
 501 	  3  	  3  	0.036	0.020	0.027	0.917	
 502 	  3  	  3  	0.048	0.017	0.040	0.895	
 503 	  3  	  3  	0.025	0.019	0.029	0.926	
 504 	  3  	  3  	0.043	0.021	0.039	0.897	
 505 	  3  	  3  	0.043	0.023	0.035	0.900	
 506 	  3  	  3  	0.013	0.034	0.028	0.925	
 507 	  3  	  3  	0.027	0.027	0.029	0.917	
 508 	  3  	  3  	0.029	0.024	0.036	0.911	
 509 	  3  	  3  	0.020	0.021	0.026	0.933	
 510 	  3  	  3  	0.028	0.010	0.035	0.927	
 511 	  3  	  3  	0.034	0.031	0.028	0.907	
 512 	  3  	  3  	0.031	0.018	0.027	0.924	
 513 	  3  	  3  	0.163	0.026	0.020	0.791	
 514 	  3  	  3  	0.023	0.029	0.030	0.918	
 515 	  3  	  3  	0.297	0.082	0.055	0.566	
 516 	  3  	  3  	0.023	0.026	0.028	0.923	
 517 	  3  	  3  	0.024	0.030	0.031	0.915	
 518 	  3  	  3  	0.175	0.034	0.061	0.730	
 519 	  3  	  3  	0.037	0.039	0.035	0.889	
 520 	  3  	  3  	0.050	0.023	0.040	0.887	
 521 	  3  	  3  	0.203	0.076	0.046	0.675	
 522 	  3  	  3  	0.020	0.026	0.025	0.929	
 523 	  3  	  3  	0.023	0.029	0.030	0.918	
 524 	  3  	  3  	0.270	0.099	0.043	0.588	
 525 	  3  	  3  	0.023	0.026	0.028	0.923	
 526 	  3  	  3  	0.026	0.026	0.035	0.913	
 527 	  3  	  3  	0.336	0.084	0.035	0.545	
 528 	  3  	  3  	0.022	0.031	0.024	0.923	
 529 	  3  	  3  	0.026	0.026	0.035	0.913	
 530 	  3  	  3  	0.335	0.084	0.035	0.546	
 531 	  3  	  3  	0.022	0.031	0.024	0.923	
 532 	  3  	  3  	0.044	0.020	0.031	0.906	
 533 	  0  	  3  	0.521	0.079	0.054	0.346	
 534 	  3  	  3  	0.021	0.031	0.020	0.928	
 535 	  3  	  3  	0.029	0.040	0.020	0.912	
 536 	  3  	  3  	0.116	0.056	0.075	0.752	
 537 	  0  	  3  	0.709	0.042	0.096	0.153	
 538 	  3  	  3  	0.037	0.045	0.041	0.878	
 539 	  0  	  0  	0.890	0.055	0.025	0.030	
 540 	  0  	  0  	0.862	0.049	0.037	0.051	
 541 	  0  	  0  	0.883	0.032	0.031	0.054	
 542 	  0  	  0  	0.862	0.032	0.032	0.074	
 543 	  0  	  0  	0.863	0.030	0.037	0.070	
 544 	  0  	  0  	0.890	0.055	0.025	0.030	
 545 	  0  	  0  	0.862	0.049	0.037	0.051	
 546 	  0  	  0  	0.883	0.032	0.031	0.054	
 547 	  0  	  0  	0.844	0.062	0.037	0.058	
 548 	  0  	  0  	0.821	0.043	0.051	0.085	
 549 	  0  	  0  	0.787	0.080	0.035	0.098	
 550 	  0  	  0  	0.561	0.078	0.051	0.310	
 551 	  0  	  0  	0.804	0.082	0.035	0.080	
 552 	  0  	  0  	0.820	0.070	0.037	0.074	
 553 	  0  	  0  	0.796	0.029	0.038	0.136	
 554 	  0  	  0  	0.835	0.028	0.037	0.100	
 555 	  0  	  0  	0.886	0.031	0.041	0.042	
 556 	  0  	  0  	0.812	0.027	0.052	0.108	
 557 	  0  	  0  	0.873	0.040	0.037	0.050	
 558 	  0  	  0  	0.847	0.025	0.069	0.059	
 559 	  0  	  0  	0.826	0.029	0.050	0.096	
 560 	  0  	  0  	0.877	0.039	0.036	0.048	
 561 	  0  	  0  	0.859	0.029	0.062	0.050	
 562 	  0  	  0  	0.827	0.048	0.028	0.098	
 563 	  0  	  0  	0.812	0.046	0.030	0.112	
 564 	  0  	  0  	0.876	0.036	0.032	0.056	
 565 	  0  	  0  	0.729	0.051	0.033	0.188	
 566 	  0  	  0  	0.842	0.047	0.040	0.070	
 567 	  0  	  0  	0.767	0.055	0.030	0.148	
 568 	  0  	  0  	0.834	0.089	0.029	0.048	
 569 	  0  	  0  	0.851	0.044	0.053	0.051	
 570 	  0  	  0  	0.954	0.022	0.010	0.014	
 571 	  0  	  0  	0.730	0.057	0.047	0.166	
 572 	  0  	  0  	0.821	0.037	0.052	0.089	
 573 	  0  	  0  	0.834	0.065	0.029	0.072	
 574 	  0  	  0  	0.876	0.031	0.038	0.055	
 575 	  0  	  0  	0.902	0.041	0.025	0.032	
 576 	  0  	  0  	0.850	0.038	0.046	0.066	
 577 	  0  	  0  	0.860	0.047	0.035	0.058	
 578 	  0  	  0  	0.951	0.022	0.013	0.014	
 579 	  0  	  0  	0.863	0.045	0.034	0.058	
 580 	  0  	  0  	0.858	0.066	0.029	0.047	
 581 	  0  	  0  	0.840	0.037	0.036	0.087	
 582 	  0  	  0  	0.853	0.052	0.035	0.060	
 583 	  0  	  0  	0.848	0.073	0.028	0.051	
 584 	  0  	  0  	0.860	0.037	0.032	0.071	
 585 	  0  	  0  	0.866	0.033	0.039	0.063	
 586 	  0  	  0  	0.822	0.049	0.031	0.098	
 587 	  0  	  0  	0.808	0.052	0.036	0.104	
 588 	  0  	  0  	0.808	0.054	0.029	0.109	
 589 	  0  	  0  	0.817	0.029	0.049	0.105	
 590 	  0  	  0  	0.823	0.045	0.030	0.102	
 591 	  0  	  0  	0.865	0.054	0.031	0.049	
 592 	  0  	  0  	0.857	0.040	0.041	0.062	
 593 	  0  	  0  	0.850	0.036	0.035	0.079	
 594 	  0  	  0  	0.855	0.038	0.038	0.069	
 595 	  0  	  0  	0.848	0.061	0.033	0.058	
 596 	  0  	  0  	0.880	0.049	0.030	0.042	
 597 	  0  	  0  	0.864	0.046	0.035	0.055	
 598 	  0  	  0  	0.830	0.084	0.032	0.053	
 599 	  0  	  0  	0.877	0.041	0.028	0.055	
 600 	  0  	  0  	0.836	0.054	0.037	0.073	
 601 	  0  	  0  	0.769	0.036	0.055	0.140	
 602 	  0  	  0  	0.814	0.049	0.040	0.098	
 603 	  0  	  0  	0.878	0.066	0.027	0.029	
 604 	  0  	  0  	0.871	0.030	0.034	0.065	
 605 	  0  	  0  	0.865	0.033	0.037	0.064	
 606 	  0  	  0  	0.885	0.042	0.038	0.035	
 607 	  0  	  0  	0.799	0.050	0.040	0.111	
 608 	  0  	  0  	0.766	0.061	0.042	0.131	
 609 	  0  	  0  	0.899	0.034	0.042	0.025	
 610 	  0  	  0  	0.858	0.039	0.034	0.070	
 611 	  0  	  0  	0.922	0.031	0.025	0.022	
 612 	  0  	  0  	0.925	0.034	0.023	0.017	
 613 	  0  	  0  	0.855	0.055	0.030	0.061	
 614 	  0  	  0  	0.835	0.069	0.034	0.062	
 615 	  0  	  0  	0.836	0.063	0.032	0.069	
 616 	  0  	  0  	0.828	0.063	0.031	0.078	
 617 	  0  	  0  	0.795	0.049	0.044	0.111	
 618 	  0  	  0  	0.803	0.061	0.037	0.099	
 619 	  0  	  0  	0.865	0.024	0.045	0.066	
 620 	  0  	  0  	0.885	0.032	0.027	0.056	
 621 	  0  	  0  	0.843	0.031	0.039	0.087	
 622 	  0  	  0  	0.855	0.032	0.048	0.065	
 623 	  0  	  0  	0.829	0.033	0.041	0.098	
 624 	  0  	  0  	0.841	0.033	0.038	0.088	
 625 	  0  	  0  	0.872	0.028	0.040	0.059	
 626 	  0  	  0  	0.873	0.025	0.043	0.058	
 627 	  0  	  0  	0.825	0.037	0.037	0.101	
 628 	  0  	  0  	0.845	0.044	0.040	0.072	
 629 	  0  	  0  	0.799	0.031	0.049	0.121	
 630 	  0  	  0  	0.837	0.025	0.046	0.093	
 631 	  0  	  0  	0.840	0.048	0.048	0.064	
 632 	  0  	  0  	0.888	0.030	0.040	0.042	
 633 	  0  	  0  	0.818	0.048	0.049	0.085	
 634 	  0  	  0  	0.853	0.040	0.036	0.072	
 635 	  0  	  0  	0.784	0.059	0.039	0.118	
 636 	  0  	  0  	0.762	0.050	0.039	0.150	
 637 	  0  	  0  	0.885	0.027	0.046	0.042	
 638 	  0  	  0  	0.853	0.033	0.067	0.047	
 639 	  0  	  0  	0.841	0.046	0.040	0.072	
 640 	  0  	  0  	0.935	0.032	0.017	0.016	
 641 	  0  	  0  	0.861	0.045	0.041	0.054	
 642 	  0  	  0  	0.813	0.029	0.060	0.099	
 643 	  0  	  0  	0.823	0.028	0.033	0.115	
 644 	  0  	  0  	0.857	0.041	0.051	0.050	
 645 	  0  	  0  	0.871	0.035	0.041	0.052	
 646 	  0  	  0  	0.819	0.041	0.045	0.095	
 647 	  0  	  0  	0.894	0.031	0.040	0.035	
 648 	  0  	  0  	0.888	0.046	0.032	0.035	
 649 	  0  	  0  	0.874	0.027	0.063	0.037	
 650 	  0  	  0  	0.884	0.045	0.033	0.038	
 651 	  0  	  0  	0.892	0.030	0.041	0.036	
 652 	  0  	  0  	0.884	0.028	0.045	0.043	
 653 	  0  	  0  	0.764	0.076	0.036	0.123	
 654 	  0  	  0  	0.819	0.028	0.057	0.096	
 655 	  0  	  0  	0.795	0.065	0.032	0.107	
 656 	  0  	  0  	0.777	0.056	0.035	0.132	
 657 	  0  	  0  	0.765	0.068	0.034	0.134	
 658 	  0  	  0  	0.779	0.068	0.033	0.119	
 659 	  0  	  0  	0.887	0.046	0.026	0.041	
 660 	  0  	  0  	0.899	0.035	0.026	0.040	
 661 	  0  	  0  	0.887	0.041	0.027	0.046	
 662 	  0  	  0  	0.897	0.039	0.031	0.033	
 663 	  0  	  0  	0.870	0.050	0.028	0.052	
 664 	  0  	  0  	0.885	0.049	0.024	0.043	
 665 	  0  	  0  	0.845	0.035	0.041	0.079	
 666 	  0  	  0  	0.822	0.029	0.042	0.107	
 667 	  0  	  0  	0.845	0.042	0.037	0.077	
 668 	  0  	  0  	0.805	0.036	0.042	0.117	
 669 	  0  	  0  	0.852	0.046	0.032	0.070	
 670 	  0  	  0  	0.853	0.041	0.038	0.069	
 671 	  0  	  0  	0.831	0.043	0.039	0.086	
 672 	  0  	  0  	0.860	0.034	0.032	0.075	
 673 	  0  	  0  	0.858	0.059	0.042	0.042	
 674 	  0  	  0  	0.885	0.035	0.041	0.039	
 675 	  0  	  0  	0.885	0.034	0.027	0.054	
 676 	  0  	  0  	0.885	0.044	0.035	0.035	
 677 	  0  	  0  	0.816	0.042	0.050	0.092	
 678 	  0  	  0  	0.783	0.038	0.052	0.126	
 679 	  0  	  0  	0.835	0.029	0.053	0.082	
 680 	  0  	  0  	0.856	0.030	0.035	0.079	
 681 	  0  	  0  	0.863	0.044	0.041	0.052	
 682 	  0  	  0  	0.765	0.040	0.040	0.155	
 683 	  0  	  0  	0.815	0.048	0.040	0.096	
 684 	  0  	  0  	0.822	0.030	0.045	0.103	
 685 	  0  	  0  	0.830	0.044	0.042	0.084	
 686 	  0  	  0  	0.820	0.041	0.040	0.099	
 687 	  0  	  0  	0.791	0.032	0.041	0.137	
 688 	  0  	  0  	0.790	0.036	0.037	0.137	
 689 	  0  	  0  	0.764	0.076	0.036	0.123	
 690 	  0  	  0  	0.819	0.028	0.057	0.096	
 691 	  0  	  0  	0.795	0.065	0.032	0.107	
 692 	  0  	  0  	0.897	0.033	0.034	0.037	
 693 	  0  	  0  	0.859	0.039	0.043	0.058	
 694 	  0  	  0  	0.821	0.064	0.033	0.082	
 695 	  0  	  0  	0.836	0.064	0.040	0.060	
 696 	  0  	  0  	0.871	0.036	0.043	0.050	
 697 	  0  	  0  	0.865	0.047	0.036	0.053	
 698 	  0  	  0  	0.829	0.055	0.032	0.083	
 699 	  0  	  0  	0.861	0.039	0.038	0.062	
 700 	  0  	  0  	0.818	0.046	0.041	0.095	
 701 	  0  	  0  	0.776	0.056	0.035	0.133	
 702 	  0  	  0  	0.765	0.068	0.034	0.134	
 703 	  0  	  0  	0.779	0.068	0.033	0.119	
 704 	  0  	  0  	0.967	0.014	0.010	0.009	
 705 	  0  	  0  	0.872	0.049	0.039	0.040	
 706 	  0  	  0  	0.874	0.040	0.039	0.047	
 707 	  0  	  0  	0.793	0.065	0.045	0.097	
 708 	  0  	  0  	0.871	0.047	0.038	0.044	
 709 	  0  	  0  	0.872	0.040	0.036	0.052	
 710 	  0  	  0  	0.835	0.030	0.035	0.100	
 711 	  0  	  0  	0.814	0.077	0.039	0.070	
 712 	  0  	  0  	0.967	0.014	0.010	0.009	
 713 	  0  	  0  	0.810	0.062	0.045	0.083	
 714 	  0  	  0  	0.968	0.014	0.010	0.008	
 715 	  0  	  0  	0.849	0.044	0.048	0.059	
 716 	  0  	  0  	0.861	0.049	0.037	0.053	
 717 	  0  	  0  	0.882	0.026	0.035	0.057	
 718 	  0  	  0  	0.863	0.025	0.038	0.074	
 719 	  0  	  0  	0.874	0.025	0.045	0.056	
 720 	  0  	  0  	0.858	0.022	0.056	0.064	
 721 	  0  	  0  	0.841	0.030	0.049	0.080	
 722 	  0  	  0  	0.863	0.034	0.043	0.060	
 723 	  0  	  0  	0.839	0.042	0.047	0.072	
 724 	  0  	  0  	0.868	0.033	0.036	0.063	
 725 	  0  	  0  	0.822	0.054	0.040	0.084	
 726 	  0  	  0  	0.885	0.052	0.028	0.035	
 727 	  0  	  0  	0.836	0.055	0.045	0.063	
 728 	  0  	  0  	0.771	0.045	0.040	0.143	
 729 	  0  	  0  	0.863	0.033	0.047	0.058	
 730 	  0  	  0  	0.834	0.037	0.040	0.089	
 731 	  0  	  0  	0.866	0.032	0.041	0.061	
 732 	  0  	  0  	0.824	0.048	0.051	0.077	
 733 	  0  	  0  	0.843	0.056	0.034	0.067	
 734 	  0  	  0  	0.842	0.038	0.046	0.074	
 735 	  0  	  0  	0.886	0.041	0.030	0.043	
 736 	  0  	  0  	0.863	0.051	0.035	0.051	
 737 	  0  	  0  	0.807	0.051	0.041	0.101	
 738 	  0  	  0  	0.840	0.023	0.041	0.095	
 739 	  0  	  0  	0.778	0.050	0.041	0.131	
 740 	  0  	  0  	0.836	0.059	0.039	0.067	
 741 	  0  	  0  	0.831	0.022	0.069	0.078	
 742 	  0  	  0  	0.849	0.061	0.053	0.037	
 743 	  0  	  0  	0.719	0.074	0.053	0.153	
 744 	  0  	  0  	0.864	0.059	0.038	0.038	
 745 	  0  	  0  	0.870	0.050	0.027	0.053	
 746 	  0  	  0  	0.782	0.053	0.051	0.114	
 747 	  0  	  0  	0.839	0.053	0.039	0.069	
 748 	  0  	  0  	0.821	0.078	0.025	0.075	
 749 	  0  	  0  	0.875	0.029	0.034	0.062	
 750 	  0  	  0  	0.855	0.035	0.034	0.075	
 751 	  0  	  0  	0.864	0.028	0.039	0.068	
 752 	  0  	  0  	0.904	0.031	0.047	0.018	
 753 	  0  	  0  	0.875	0.029	0.034	0.062	
 754 	  0  	  0  	0.828	0.042	0.037	0.093	
 755 	  0  	  0  	0.892	0.036	0.053	0.019	
 756 	  0  	  0  	0.855	0.035	0.034	0.075	
 757 	  0  	  0  	0.885	0.031	0.033	0.050	
 758 	  0  	  0  	0.903	0.025	0.034	0.037	
 759 	  0  	  0  	0.862	0.060	0.030	0.048	
 760 	  0  	  0  	0.895	0.029	0.032	0.044	
 761 	  0  	  0  	0.900	0.045	0.026	0.030	
 762 	  0  	  0  	0.861	0.056	0.033	0.050	
 763 	  0  	  0  	0.947	0.021	0.015	0.017	
 764 	  0  	  0  	0.943	0.021	0.015	0.021	
 765 	  0  	  0  	0.857	0.051	0.044	0.047	
 766 	  0  	  0  	0.939	0.030	0.013	0.018	
 767 	  0  	  0  	0.866	0.033	0.049	0.053	
 768 	  0  	  0  	0.938	0.030	0.013	0.019	
 769 	  0  	  0  	0.886	0.057	0.023	0.034	
 770 	  0  	  0  	0.865	0.045	0.040	0.050	
 771 	  0  	  0  	0.947	0.021	0.015	0.017	
 772 	  0  	  0  	0.871	0.051	0.030	0.048	
 773 	  0  	  0  	0.943	0.021	0.015	0.021	
 774 	  0  	  0  	0.865	0.035	0.048	0.052	
 775 	  0  	  0  	0.871	0.038	0.044	0.047	
 776 	  0  	  0  	0.857	0.051	0.044	0.047	
 777 	  0  	  0  	0.939	0.030	0.013	0.018	
 778 	  0  	  0  	0.859	0.038	0.051	0.051	
 779 	  0  	  0  	0.866	0.033	0.049	0.053	
 780 	  0  	  0  	0.938	0.030	0.013	0.019	
 781 	  0  	  0  	0.830	0.031	0.046	0.092	
 782 	  0  	  0  	0.852	0.039	0.042	0.068	
 783 	  0  	  0  	0.826	0.050	0.035	0.089	
 784 	  0  	  0  	0.839	0.037	0.040	0.085	
 785 	  0  	  0  	0.844	0.037	0.043	0.076	
 786 	  0  	  0  	0.805	0.041	0.038	0.117	
 787 	  0  	  0  	0.804	0.049	0.027	0.120	
 788 	  0  	  0  	0.799	0.047	0.028	0.126	
 789 	  0  	  0  	0.862	0.039	0.038	0.061	
 790 	  0  	  0  	0.852	0.073	0.034	0.041	
 791 	  0  	  0  	0.782	0.090	0.038	0.090	
 792 	  0  	  0  	0.843	0.037	0.031	0.089	
 793 	  0  	  0  	0.839	0.027	0.040	0.095	
 794 	  3  	  0  	0.280	0.033	0.031	0.656	
 795 	  0  	  0  	0.840	0.051	0.042	0.068	
 796 	  0  	  0  	0.867	0.032	0.041	0.060	
 797 	  0  	  0  	0.901	0.024	0.024	0.052	
 798 	  0  	  0  	0.793	0.047	0.041	0.119	
 799 	  0  	  0  	0.801	0.040	0.028	0.132	
 800 	  0  	  0  	0.800	0.051	0.042	0.108	
 801 	  0  	  0  	0.778	0.043	0.029	0.150	
 802 	  0  	  0  	0.854	0.050	0.038	0.058	
 803 	  0  	  0  	0.862	0.039	0.029	0.070	
 804 	  0  	  0  	0.863	0.031	0.034	0.072	
 805 	  0  	  0  	0.847	0.053	0.043	0.056	
 806 	  0  	  0  	0.883	0.019	0.047	0.051	
 807 	  0  	  0  	0.902	0.041	0.015	0.043	
 808 	  0  	  0  	0.834	0.045	0.035	0.086	
 809 	  0  	  0  	0.801	0.054	0.041	0.105	
 810 	  0  	  0  	0.828	0.078	0.041	0.053	
 811 	  0  	  0  	0.810	0.043	0.038	0.109	
 812 	  0  	  0  	0.840	0.044	0.043	0.074	
 813 	  0  	  0  	0.792	0.033	0.057	0.118	
 814 	  0  	  0  	0.866	0.035	0.046	0.054	
 815 	  0  	  0  	0.873	0.031	0.032	0.064	
 816 	  0  	  0  	0.888	0.040	0.035	0.037	
 817 	  0  	  0  	0.826	0.041	0.029	0.103	
 818 	  0  	  0  	0.873	0.037	0.036	0.054	
 819 	  0  	  0  	0.897	0.036	0.039	0.029	
 820 	  0  	  0  	0.879	0.045	0.035	0.040	
 821 	  0  	  0  	0.871	0.040	0.048	0.041	
 822 	  0  	  0  	0.869	0.045	0.039	0.047	
 823 	  0  	  0  	0.873	0.053	0.033	0.041	
 824 	  0  	  0  	0.860	0.042	0.028	0.070	
 825 	  0  	  0  	0.864	0.025	0.039	0.072	
 826 	  0  	  0  	0.821	0.133	0.031	0.015	
 827 	  0  	  0  	0.830	0.039	0.038	0.093	
 828 	  0  	  0  	0.856	0.026	0.049	0.070	
 829 	  0  	  0  	0.948	0.028	0.010	0.013	
 830 	  0  	  0  	0.841	0.041	0.032	0.085	
 831 	  0  	  0  	0.835	0.057	0.037	0.072	
 832 	  0  	  0  	0.930	0.036	0.014	0.020	
 833 	  0  	  0  	0.766	0.033	0.047	0.155	
 834 	  0  	  0  	0.806	0.042	0.041	0.111	
 835 	  0  	  0  	0.841	0.040	0.030	0.089	
 836 	  0  	  0  	0.775	0.049	0.047	0.129	
 837 	  0  	  0  	0.835	0.042	0.035	0.088	
 838 	  0  	  0  	0.820	0.048	0.041	0.091	
 839 	  0  	  0  	0.843	0.032	0.044	0.081	
 840 	  0  	  0  	0.822	0.037	0.027	0.114	
 841 	  0  	  0  	0.842	0.021	0.049	0.088	
 842 	  0  	  0  	0.839	0.052	0.046	0.063	
 843 	  0  	  0  	0.776	0.145	0.044	0.034	
 844 	  0  	  0  	0.781	0.167	0.021	0.031	
 845 	  0  	  0  	0.792	0.113	0.058	0.037	
 846 	  0  	  0  	0.779	0.131	0.045	0.045	
 847 	  1  	  0  	0.431	0.490	0.034	0.045	
 848 	  0  	  0  	0.609	0.072	0.043	0.276	
 849 	  1  	  0  	0.431	0.491	0.034	0.045	
 850 	  0  	  0  	0.611	0.072	0.043	0.274	
 851 	  1  	  0  	0.453	0.468	0.030	0.049	
 852 	  0  	  0  	0.772	0.057	0.038	0.132	
 853 	  0  	  0  	0.753	0.143	0.075	0.028	
 854 	  3  	  0  	0.304	0.057	0.025	0.615	
