  no	pred	real	Good	Contact	Radius	Hole
  0  	  1  	  1  	0.010	0.934	0.024	0.032	
  1  	  1  	  1  	0.011	0.939	0.023	0.027	
  2  	  1  	  1  	0.011	0.914	0.030	0.045	
  3  	  1  	  1  	0.008	0.935	0.024	0.034	
  4  	  1  	  1  	0.010	0.934	0.024	0.032	
  5  	  1  	  1  	0.011	0.939	0.023	0.027	
  6  	  1  	  1  	0.012	0.913	0.040	0.035	
  7  	  1  	  1  	0.003	0.922	0.030	0.044	
  8  	  1  	  1  	0.021	0.905	0.037	0.037	
  9  	  1  	  1  	0.013	0.898	0.052	0.037	
 10  	  1  	  1  	0.012	0.926	0.029	0.033	
 11  	  1  	  1  	0.013	0.923	0.027	0.038	
 12  	  1  	  1  	0.013	0.921	0.035	0.032	
 13  	  1  	  1  	0.004	0.886	0.028	0.082	
 14  	  1  	  1  	0.014	0.911	0.024	0.052	
 15  	  1  	  1  	0.016	0.926	0.013	0.045	
 16  	  1  	  1  	0.016	0.910	0.012	0.061	
 17  	  1  	  1  	0.022	0.921	0.017	0.040	
 18  	  1  	  1  	0.036	0.883	0.019	0.061	
 19  	  1  	  1  	0.030	0.852	0.019	0.098	
 20  	  1  	  1  	0.015	0.911	0.022	0.051	
 21  	  1  	  1  	0.016	0.924	0.016	0.044	
 22  	  1  	  1  	0.009	0.911	0.018	0.062	
 23  	  1  	  1  	0.006	0.923	0.022	0.049	
 24  	  1  	  1  	0.011	0.947	0.018	0.024	
 25  	  1  	  1  	0.014	0.921	0.023	0.042	
 26  	  1  	  1  	0.014	0.923	0.027	0.036	
 27  	  1  	  1  	0.016	0.920	0.027	0.036	
 28  	  1  	  1  	0.011	0.907	0.031	0.051	
 29  	  1  	  1  	0.018	0.930	0.021	0.031	
 30  	  1  	  1  	0.023	0.906	0.035	0.036	
 31  	  1  	  1  	0.014	0.914	0.026	0.046	
 32  	  1  	  1  	0.017	0.906	0.029	0.048	
 33  	  1  	  1  	0.020	0.923	0.017	0.041	
 34  	  1  	  1  	0.011	0.913	0.025	0.051	
 35  	  1  	  1  	0.013	0.916	0.035	0.036	
 36  	  1  	  1  	0.012	0.927	0.018	0.044	
 37  	  1  	  1  	0.011	0.935	0.009	0.045	
 38  	  1  	  1  	0.013	0.914	0.033	0.041	
 39  	  1  	  1  	0.012	0.921	0.022	0.045	
 40  	  1  	  1  	0.009	0.932	0.021	0.038	
 41  	  1  	  1  	0.010	0.926	0.021	0.042	
 42  	  1  	  1  	0.011	0.935	0.009	0.045	
 43  	  1  	  1  	0.012	0.921	0.022	0.045	
 44  	  1  	  1  	0.009	0.932	0.022	0.037	
 45  	  1  	  1  	0.010	0.926	0.021	0.042	
 46  	  1  	  1  	0.009	0.936	0.009	0.045	
 47  	  1  	  1  	0.013	0.923	0.018	0.046	
 48  	  1  	  1  	0.011	0.937	0.020	0.032	
 49  	  1  	  1  	0.009	0.917	0.021	0.054	
 50  	  1  	  1  	0.013	0.936	0.013	0.038	
 51  	  1  	  1  	0.009	0.930	0.019	0.041	
 52  	  1  	  1  	0.010	0.924	0.031	0.034	
 53  	  1  	  1  	0.016	0.922	0.020	0.043	
 54  	  1  	  1  	0.009	0.930	0.019	0.041	
 55  	  1  	  1  	0.010	0.924	0.031	0.034	
 56  	  1  	  1  	0.016	0.922	0.020	0.043	
 57  	  1  	  1  	0.015	0.935	0.009	0.042	
 58  	  1  	  1  	0.012	0.915	0.018	0.055	
 59  	  1  	  1  	0.007	0.933	0.029	0.032	
 60  	  1  	  1  	0.021	0.906	0.027	0.046	
 61  	  1  	  1  	0.023	0.931	0.010	0.036	
 62  	  1  	  1  	0.014	0.917	0.015	0.054	
 63  	  1  	  1  	0.009	0.936	0.028	0.028	
 64  	  1  	  1  	0.023	0.931	0.010	0.036	
 65  	  1  	  1  	0.010	0.932	0.024	0.035	
 66  	  1  	  1  	0.012	0.919	0.026	0.042	
 67  	  1  	  1  	0.017	0.924	0.028	0.031	
 68  	  1  	  1  	0.018	0.916	0.015	0.050	
 69  	  1  	  1  	0.012	0.921	0.034	0.033	
 70  	  1  	  1  	0.018	0.923	0.020	0.039	
 71  	  1  	  1  	0.010	0.954	0.011	0.025	
 72  	  1  	  1  	0.007	0.935	0.031	0.027	
 73  	  1  	  1  	0.011	0.929	0.029	0.031	
 74  	  1  	  1  	0.007	0.932	0.021	0.039	
 75  	  1  	  1  	0.009	0.932	0.019	0.040	
 76  	  1  	  1  	0.007	0.942	0.027	0.023	
 77  	  1  	  1  	0.007	0.932	0.020	0.041	
 78  	  1  	  1  	0.004	0.886	0.065	0.044	
 79  	  1  	  1  	0.006	0.921	0.033	0.039	
 80  	  1  	  1  	0.008	0.928	0.026	0.037	
 81  	  1  	  1  	0.008	0.925	0.028	0.039	
 82  	  1  	  1  	0.026	0.910	0.030	0.034	
 83  	  1  	  1  	0.015	0.931	0.024	0.030	
 84  	  1  	  1  	0.011	0.927	0.021	0.042	
 85  	  1  	  1  	0.016	0.899	0.033	0.052	
 86  	  1  	  1  	0.016	0.937	0.018	0.029	
 87  	  1  	  1  	0.014	0.928	0.027	0.031	
 88  	  1  	  1  	0.017	0.926	0.015	0.042	
 89  	  1  	  1  	0.039	0.906	0.016	0.040	
 90  	  1  	  1  	0.009	0.942	0.012	0.038	
 91  	  1  	  1  	0.011	0.951	0.011	0.027	
 92  	  1  	  1  	0.012	0.922	0.014	0.051	
 93  	  1  	  1  	0.012	0.921	0.038	0.030	
 94  	  1  	  1  	0.016	0.928	0.023	0.033	
 95  	  1  	  1  	0.014	0.929	0.023	0.034	
 96  	  1  	  1  	0.011	0.916	0.039	0.033	
 97  	  1  	  1  	0.010	0.928	0.014	0.048	
 98  	  1  	  1  	0.012	0.935	0.014	0.038	
 99  	  1  	  1  	0.012	0.923	0.015	0.050	
 100 	  1  	  1  	0.016	0.944	0.020	0.021	
 101 	  1  	  1  	0.011	0.912	0.025	0.053	
 102 	  1  	  1  	0.010	0.915	0.037	0.038	
 103 	  1  	  1  	0.018	0.896	0.031	0.054	
 104 	  1  	  1  	0.008	0.916	0.026	0.050	
 105 	  1  	  1  	0.014	0.919	0.016	0.052	
 106 	  1  	  1  	0.010	0.920	0.029	0.041	
 107 	  1  	  1  	0.009	0.936	0.017	0.039	
 108 	  1  	  1  	0.016	0.917	0.017	0.050	
 109 	  1  	  1  	0.016	0.942	0.016	0.026	
 110 	  1  	  1  	0.010	0.928	0.023	0.039	
 111 	  1  	  1  	0.012	0.917	0.035	0.037	
 112 	  1  	  1  	0.025	0.902	0.036	0.037	
 113 	  1  	  1  	0.016	0.941	0.010	0.033	
 114 	  1  	  1  	0.011	0.938	0.019	0.032	
 115 	  1  	  1  	0.006	0.925	0.030	0.040	
 116 	  1  	  1  	0.012	0.906	0.029	0.053	
 117 	  1  	  1  	0.021	0.917	0.021	0.041	
 118 	  1  	  1  	0.011	0.942	0.012	0.035	
 119 	  1  	  1  	0.012	0.913	0.021	0.054	
 120 	  1  	  1  	0.010	0.927	0.024	0.038	
 121 	  1  	  1  	0.022	0.924	0.029	0.025	
 122 	  1  	  1  	0.009	0.948	0.009	0.035	
 123 	  1  	  1  	0.010	0.919	0.022	0.049	
 124 	  1  	  1  	0.009	0.930	0.019	0.042	
 125 	  1  	  1  	0.016	0.928	0.023	0.032	
 126 	  1  	  1  	0.008	0.915	0.032	0.045	
 127 	  1  	  1  	0.014	0.943	0.012	0.031	
 128 	  1  	  1  	0.011	0.934	0.019	0.036	
 129 	  1  	  1  	0.013	0.927	0.012	0.048	
 130 	  1  	  1  	0.010	0.926	0.022	0.042	
 131 	  1  	  1  	0.015	0.938	0.021	0.027	
 132 	  1  	  1  	0.015	0.918	0.021	0.047	
 133 	  1  	  1  	0.013	0.945	0.017	0.026	
 134 	  1  	  1  	0.007	0.941	0.017	0.035	
 135 	  1  	  1  	0.012	0.932	0.027	0.030	
 136 	  1  	  1  	0.038	0.892	0.032	0.039	
 137 	  1  	  1  	0.017	0.919	0.015	0.050	
 138 	  1  	  1  	0.014	0.934	0.013	0.040	
 139 	  1  	  1  	0.007	0.939	0.014	0.040	
 140 	  1  	  1  	0.006	0.925	0.027	0.041	
 141 	  1  	  1  	0.014	0.918	0.024	0.044	
 142 	  1  	  1  	0.077	0.858	0.035	0.029	
 143 	  3  	  1  	0.081	0.230	0.022	0.667	
 144 	  1  	  1  	0.185	0.637	0.120	0.057	
 145 	  1  	  1  	0.065	0.870	0.033	0.033	
 146 	  2  	  2  	0.020	0.041	0.890	0.049	
 147 	  2  	  2  	0.010	0.063	0.890	0.037	
 148 	  2  	  2  	0.011	0.056	0.901	0.032	
 149 	  2  	  2  	0.010	0.049	0.898	0.043	
 150 	  2  	  2  	0.018	0.110	0.801	0.071	
 151 	  2  	  2  	0.014	0.050	0.901	0.034	
 152 	  2  	  2  	0.014	0.037	0.906	0.042	
 153 	  2  	  2  	0.012	0.064	0.895	0.029	
 154 	  2  	  2  	0.015	0.064	0.886	0.035	
 155 	  2  	  2  	0.012	0.044	0.907	0.038	
 156 	  2  	  2  	0.014	0.047	0.905	0.034	
 157 	  2  	  2  	0.021	0.038	0.882	0.058	
 158 	  2  	  2  	0.013	0.031	0.907	0.049	
 159 	  2  	  2  	0.015	0.039	0.904	0.042	
 160 	  2  	  2  	0.018	0.045	0.905	0.032	
 161 	  2  	  2  	0.021	0.035	0.902	0.041	
 162 	  2  	  2  	0.012	0.052	0.901	0.035	
 163 	  2  	  2  	0.012	0.044	0.914	0.030	
 164 	  2  	  2  	0.016	0.028	0.926	0.030	
 165 	  2  	  2  	0.010	0.041	0.913	0.036	
 166 	  2  	  2  	0.010	0.038	0.919	0.033	
 167 	  2  	  2  	0.029	0.074	0.869	0.028	
 168 	  2  	  2  	0.020	0.041	0.890	0.049	
 169 	  2  	  2  	0.015	0.056	0.851	0.078	
 170 	  2  	  2  	0.014	0.037	0.906	0.044	
 171 	  2  	  2  	0.013	0.055	0.890	0.042	
 172 	  2  	  2  	0.016	0.042	0.891	0.051	
 173 	  2  	  2  	0.012	0.039	0.905	0.044	
 174 	  2  	  2  	0.017	0.060	0.843	0.080	
 175 	  2  	  2  	0.026	0.030	0.879	0.065	
 176 	  2  	  2  	0.010	0.044	0.901	0.045	
 177 	  2  	  2  	0.023	0.044	0.897	0.036	
 178 	  2  	  2  	0.012	0.067	0.862	0.058	
 179 	  2  	  2  	0.010	0.047	0.898	0.046	
 180 	  2  	  2  	0.011	0.048	0.893	0.047	
 181 	  2  	  2  	0.010	0.044	0.901	0.045	
 182 	  2  	  2  	0.013	0.038	0.908	0.041	
 183 	  2  	  2  	0.019	0.046	0.886	0.049	
 184 	  2  	  2  	0.011	0.041	0.905	0.043	
 185 	  2  	  2  	0.015	0.034	0.897	0.055	
 186 	  2  	  2  	0.022	0.168	0.768	0.042	
 187 	  2  	  2  	0.016	0.064	0.885	0.035	
 188 	  2  	  2  	0.024	0.079	0.863	0.033	
 189 	  2  	  2  	0.011	0.043	0.913	0.033	
 190 	  2  	  2  	0.094	0.115	0.761	0.030	
 191 	  2  	  2  	0.036	0.060	0.859	0.044	
 192 	  2  	  2  	0.029	0.181	0.740	0.050	
 193 	  2  	  2  	0.007	0.046	0.898	0.049	
 194 	  2  	  2  	0.015	0.064	0.877	0.044	
 195 	  2  	  2  	0.012	0.061	0.869	0.059	
 196 	  2  	  2  	0.025	0.147	0.787	0.042	
 197 	  2  	  2  	0.016	0.040	0.907	0.037	
 198 	  2  	  2  	0.012	0.045	0.907	0.035	
 199 	  2  	  2  	0.014	0.123	0.821	0.042	
 200 	  2  	  2  	0.012	0.069	0.859	0.060	
 201 	  2  	  2  	0.031	0.213	0.707	0.048	
 202 	  2  	  2  	0.012	0.058	0.876	0.055	
 203 	  2  	  2  	0.012	0.069	0.859	0.060	
 204 	  2  	  2  	0.012	0.049	0.895	0.044	
 205 	  2  	  2  	0.014	0.041	0.894	0.052	
 206 	  2  	  2  	0.025	0.058	0.881	0.036	
 207 	  2  	  2  	0.020	0.065	0.871	0.044	
 208 	  2  	  2  	0.012	0.042	0.907	0.038	
 209 	  2  	  2  	0.016	0.064	0.858	0.062	
 210 	  2  	  2  	0.015	0.046	0.884	0.055	
 211 	  2  	  2  	0.019	0.065	0.858	0.057	
 212 	  2  	  2  	0.018	0.040	0.899	0.043	
 213 	  2  	  2  	0.018	0.040	0.900	0.042	
 214 	  2  	  2  	0.010	0.046	0.883	0.060	
 215 	  2  	  2  	0.011	0.046	0.895	0.048	
 216 	  2  	  2  	0.011	0.043	0.887	0.059	
 217 	  2  	  2  	0.011	0.046	0.895	0.048	
 218 	  2  	  2  	0.011	0.043	0.887	0.059	
 219 	  2  	  2  	0.013	0.056	0.864	0.066	
 220 	  2  	  2  	0.019	0.032	0.903	0.046	
 221 	  2  	  2  	0.017	0.229	0.710	0.044	
 222 	  2  	  2  	0.012	0.053	0.900	0.035	
 223 	  2  	  2  	0.011	0.102	0.829	0.057	
 224 	  2  	  2  	0.019	0.032	0.903	0.046	
 225 	  2  	  2  	0.012	0.054	0.899	0.035	
 226 	  2  	  2  	0.011	0.205	0.662	0.122	
 227 	  2  	  2  	0.011	0.029	0.911	0.049	
 228 	  2  	  2  	0.013	0.043	0.898	0.046	
 229 	  2  	  2  	0.011	0.045	0.913	0.031	
 230 	  2  	  2  	0.010	0.042	0.896	0.052	
 231 	  2  	  2  	0.010	0.042	0.896	0.052	
 232 	  2  	  2  	0.013	0.043	0.898	0.046	
 233 	  2  	  2  	0.011	0.059	0.864	0.065	
 234 	  2  	  2  	0.015	0.077	0.881	0.028	
 235 	  2  	  2  	0.021	0.090	0.844	0.044	
 236 	  2  	  2  	0.011	0.094	0.865	0.029	
 237 	  2  	  2  	0.011	0.085	0.869	0.035	
 238 	  2  	  2  	0.017	0.039	0.899	0.045	
 239 	  2  	  2  	0.015	0.072	0.851	0.062	
 240 	  2  	  2  	0.010	0.043	0.899	0.047	
 241 	  2  	  2  	0.018	0.059	0.886	0.037	
 242 	  2  	  2  	0.008	0.086	0.866	0.039	
 243 	  2  	  2  	0.015	0.037	0.907	0.041	
 244 	  2  	  2  	0.012	0.036	0.901	0.050	
 245 	  2  	  2  	0.010	0.118	0.821	0.051	
 246 	  2  	  2  	0.010	0.060	0.884	0.046	
 247 	  2  	  2  	0.013	0.066	0.835	0.086	
 248 	  2  	  2  	0.009	0.050	0.902	0.039	
 249 	  2  	  2  	0.015	0.046	0.906	0.033	
 250 	  2  	  2  	0.012	0.061	0.884	0.044	
 251 	  2  	  2  	0.008	0.053	0.894	0.045	
 252 	  2  	  2  	0.015	0.041	0.897	0.047	
 253 	  2  	  2  	0.029	0.081	0.856	0.034	
 254 	  2  	  2  	0.031	0.082	0.847	0.040	
 255 	  2  	  2  	0.039	0.103	0.779	0.078	
 256 	  2  	  2  	0.016	0.042	0.903	0.039	
 257 	  2  	  2  	0.018	0.073	0.871	0.038	
 258 	  2  	  2  	0.012	0.050	0.901	0.037	
 259 	  2  	  2  	0.031	0.062	0.858	0.049	
 260 	  2  	  2  	0.013	0.037	0.911	0.040	
 261 	  3  	  3  	0.012	0.029	0.019	0.940	
 262 	  3  	  3  	0.013	0.050	0.022	0.915	
 263 	  3  	  3  	0.006	0.103	0.012	0.879	
 264 	  3  	  3  	0.026	0.039	0.020	0.916	
 265 	  3  	  3  	0.006	0.076	0.026	0.891	
 266 	  3  	  3  	0.013	0.048	0.034	0.905	
 267 	  3  	  3  	0.014	0.051	0.039	0.896	
 268 	  3  	  3  	0.024	0.078	0.075	0.824	
 269 	  3  	  3  	0.016	0.075	0.021	0.888	
 270 	  3  	  3  	0.014	0.034	0.022	0.930	
 271 	  3  	  3  	0.012	0.071	0.018	0.899	
 272 	  3  	  3  	0.009	0.097	0.024	0.869	
 273 	  3  	  3  	0.015	0.046	0.036	0.903	
 274 	  3  	  3  	0.014	0.090	0.019	0.876	
 275 	  3  	  3  	0.011	0.076	0.016	0.897	
 276 	  3  	  3  	0.015	0.041	0.026	0.917	
 277 	  3  	  3  	0.016	0.055	0.037	0.892	
 278 	  3  	  3  	0.009	0.066	0.023	0.902	
 279 	  3  	  3  	0.019	0.029	0.024	0.927	
 280 	  3  	  3  	0.019	0.035	0.026	0.920	
 281 	  3  	  3  	0.015	0.095	0.020	0.869	
 282 	  3  	  3  	0.008	0.039	0.028	0.925	
 283 	  3  	  3  	0.017	0.105	0.024	0.855	
 284 	  3  	  3  	0.023	0.066	0.020	0.891	
 285 	  3  	  3  	0.014	0.090	0.022	0.873	
 286 	  3  	  3  	0.008	0.113	0.032	0.846	
 287 	  3  	  3  	0.098	0.032	0.024	0.846	
 288 	  3  	  3  	0.012	0.109	0.019	0.859	
 289 	  3  	  3  	0.023	0.062	0.040	0.876	
 290 	  3  	  3  	0.013	0.072	0.026	0.888	
 291 	  3  	  3  	0.016	0.032	0.035	0.917	
 292 	  3  	  3  	0.010	0.043	0.013	0.933	
 293 	  3  	  3  	0.018	0.030	0.020	0.932	
 294 	  3  	  3  	0.025	0.040	0.031	0.905	
 295 	  3  	  3  	0.016	0.065	0.028	0.891	
 296 	  3  	  3  	0.015	0.044	0.016	0.925	
 297 	  3  	  3  	0.023	0.046	0.021	0.910	
 298 	  3  	  3  	0.014	0.053	0.017	0.916	
 299 	  3  	  3  	0.017	0.045	0.034	0.903	
 300 	  3  	  3  	0.037	0.101	0.035	0.828	
 301 	  3  	  3  	0.006	0.067	0.013	0.915	
 302 	  3  	  3  	0.016	0.046	0.015	0.924	
 303 	  3  	  3  	0.015	0.070	0.020	0.895	
 304 	  3  	  3  	0.017	0.060	0.027	0.897	
 305 	  3  	  3  	0.025	0.079	0.020	0.876	
 306 	  3  	  3  	0.012	0.038	0.012	0.939	
 307 	  3  	  3  	0.015	0.069	0.019	0.898	
 308 	  3  	  3  	0.018	0.061	0.026	0.895	
 309 	  3  	  3  	0.026	0.054	0.022	0.899	
 310 	  3  	  3  	0.015	0.050	0.027	0.908	
 311 	  3  	  3  	0.017	0.083	0.022	0.878	
 312 	  3  	  3  	0.012	0.045	0.016	0.927	
 313 	  3  	  3  	0.020	0.039	0.035	0.906	
 314 	  3  	  3  	0.013	0.041	0.033	0.913	
 315 	  3  	  3  	0.016	0.034	0.020	0.931	
 316 	  3  	  3  	0.019	0.041	0.027	0.913	
 317 	  3  	  3  	0.011	0.087	0.024	0.879	
 318 	  3  	  3  	0.019	0.035	0.034	0.912	
 319 	  3  	  3  	0.016	0.045	0.029	0.910	
 320 	  3  	  3  	0.021	0.059	0.012	0.908	
 321 	  3  	  3  	0.020	0.050	0.031	0.900	
 322 	  3  	  3  	0.013	0.069	0.027	0.892	
 323 	  3  	  3  	0.019	0.052	0.022	0.906	
 324 	  3  	  3  	0.023	0.033	0.063	0.880	
 325 	  3  	  3  	0.011	0.135	0.018	0.836	
 326 	  3  	  3  	0.016	0.050	0.031	0.903	
 327 	  3  	  3  	0.022	0.036	0.024	0.917	
 328 	  3  	  3  	0.014	0.050	0.024	0.912	
 329 	  3  	  3  	0.011	0.097	0.019	0.872	
 330 	  3  	  3  	0.020	0.045	0.016	0.919	
 331 	  3  	  3  	0.015	0.077	0.031	0.876	
 332 	  3  	  3  	0.028	0.031	0.080	0.861	
 333 	  3  	  3  	0.019	0.059	0.032	0.890	
 334 	  3  	  3  	0.018	0.083	0.029	0.870	
 335 	  3  	  3  	0.014	0.081	0.032	0.873	
 336 	  3  	  3  	0.018	0.031	0.034	0.917	
 337 	  3  	  3  	0.013	0.076	0.026	0.885	
 338 	  3  	  3  	0.018	0.052	0.027	0.903	
 339 	  3  	  3  	0.011	0.054	0.038	0.897	
 340 	  3  	  3  	0.026	0.053	0.044	0.877	
 341 	  3  	  3  	0.015	0.076	0.018	0.891	
 342 	  3  	  3  	0.019	0.046	0.014	0.922	
 343 	  3  	  3  	0.009	0.106	0.022	0.863	
 344 	  3  	  3  	0.013	0.044	0.031	0.912	
 345 	  3  	  3  	0.016	0.064	0.018	0.902	
 346 	  3  	  3  	0.012	0.072	0.018	0.898	
 347 	  3  	  3  	0.014	0.048	0.024	0.914	
 348 	  3  	  3  	0.015	0.064	0.036	0.885	
 349 	  3  	  3  	0.034	0.038	0.040	0.888	
 350 	  3  	  3  	0.015	0.039	0.057	0.889	
 351 	  3  	  3  	0.026	0.034	0.036	0.905	
 352 	  3  	  3  	0.015	0.050	0.025	0.909	
 353 	  3  	  3  	0.015	0.055	0.013	0.917	
 354 	  3  	  3  	0.015	0.063	0.031	0.891	
 355 	  3  	  3  	0.015	0.051	0.026	0.909	
 356 	  3  	  3  	0.014	0.071	0.017	0.898	
 357 	  3  	  3  	0.010	0.065	0.022	0.902	
 358 	  3  	  3  	0.014	0.045	0.057	0.883	
 359 	  3  	  3  	0.018	0.064	0.037	0.881	
 360 	  3  	  3  	0.015	0.072	0.031	0.883	
 361 	  3  	  3  	0.016	0.063	0.015	0.906	
 362 	  3  	  3  	0.026	0.052	0.026	0.896	
 363 	  3  	  3  	0.013	0.069	0.033	0.885	
 364 	  3  	  3  	0.014	0.057	0.029	0.900	
 365 	  3  	  3  	0.016	0.031	0.034	0.918	
 366 	  3  	  3  	0.018	0.046	0.027	0.909	
 367 	  3  	  3  	0.014	0.066	0.027	0.893	
 368 	  3  	  3  	0.018	0.050	0.027	0.905	
 369 	  3  	  3  	0.019	0.054	0.027	0.900	
 370 	  3  	  3  	0.016	0.031	0.034	0.918	
 371 	  3  	  3  	0.018	0.046	0.027	0.909	
 372 	  3  	  3  	0.026	0.052	0.026	0.896	
 373 	  3  	  3  	0.013	0.069	0.033	0.885	
 374 	  3  	  3  	0.014	0.057	0.029	0.900	
 375 	  3  	  3  	0.017	0.067	0.026	0.891	
 376 	  3  	  3  	0.023	0.055	0.018	0.905	
 377 	  3  	  3  	0.011	0.044	0.022	0.924	
 378 	  3  	  3  	0.013	0.064	0.019	0.903	
 379 	  3  	  3  	0.014	0.059	0.024	0.902	
 380 	  3  	  3  	0.017	0.033	0.019	0.930	
 381 	  3  	  3  	0.016	0.057	0.021	0.906	
 382 	  3  	  3  	0.015	0.092	0.022	0.871	
 383 	  3  	  3  	0.015	0.043	0.021	0.921	
 384 	  3  	  3  	0.013	0.064	0.030	0.893	
 385 	  3  	  3  	0.015	0.050	0.025	0.909	
 386 	  3  	  3  	0.015	0.055	0.013	0.917	
 387 	  3  	  3  	0.015	0.063	0.031	0.891	
 388 	  3  	  3  	0.015	0.069	0.022	0.894	
 389 	  3  	  3  	0.013	0.053	0.021	0.913	
 390 	  3  	  3  	0.012	0.058	0.019	0.911	
 391 	  3  	  3  	0.012	0.055	0.023	0.910	
 392 	  3  	  3  	0.011	0.051	0.016	0.922	
 393 	  3  	  3  	0.016	0.061	0.018	0.905	
 394 	  3  	  3  	0.015	0.069	0.020	0.896	
 395 	  3  	  3  	0.014	0.047	0.028	0.911	
 396 	  3  	  3  	0.014	0.044	0.012	0.931	
 397 	  3  	  3  	0.015	0.074	0.023	0.889	
 398 	  3  	  3  	0.013	0.037	0.022	0.928	
 399 	  3  	  3  	0.020	0.096	0.015	0.869	
 400 	  3  	  3  	0.015	0.069	0.022	0.894	
 401 	  3  	  3  	0.012	0.045	0.022	0.920	
 402 	  3  	  3  	0.012	0.101	0.021	0.866	
 403 	  3  	  3  	0.015	0.051	0.026	0.909	
 404 	  3  	  3  	0.014	0.071	0.017	0.898	
 405 	  3  	  3  	0.010	0.065	0.022	0.902	
 406 	  3  	  3  	0.012	0.022	0.022	0.944	
 407 	  3  	  3  	0.012	0.023	0.021	0.944	
 408 	  3  	  3  	0.012	0.022	0.022	0.944	
 409 	  3  	  3  	0.014	0.068	0.036	0.882	
 410 	  3  	  3  	0.012	0.023	0.021	0.944	
 411 	  3  	  3  	0.011	0.052	0.025	0.911	
 412 	  3  	  3  	0.019	0.058	0.017	0.907	
 413 	  3  	  3  	0.013	0.071	0.027	0.889	
 414 	  3  	  3  	0.014	0.068	0.019	0.899	
 415 	  3  	  3  	0.015	0.084	0.018	0.883	
 416 	  3  	  3  	0.015	0.064	0.034	0.887	
 417 	  3  	  3  	0.013	0.050	0.025	0.912	
 418 	  3  	  3  	0.019	0.044	0.021	0.915	
 419 	  3  	  3  	0.014	0.076	0.027	0.883	
 420 	  3  	  3  	0.015	0.073	0.019	0.893	
 421 	  3  	  3  	0.016	0.048	0.019	0.918	
 422 	  3  	  3  	0.016	0.065	0.032	0.888	
 423 	  3  	  3  	0.011	0.057	0.027	0.906	
 424 	  3  	  3  	0.020	0.040	0.045	0.895	
 425 	  3  	  3  	0.012	0.053	0.017	0.918	
 426 	  3  	  3  	0.020	0.035	0.031	0.915	
 427 	  3  	  3  	0.010	0.070	0.017	0.903	
 428 	  3  	  3  	0.034	0.039	0.028	0.899	
 429 	  3  	  3  	0.012	0.053	0.024	0.912	
 430 	  3  	  3  	0.041	0.040	0.036	0.883	
 431 	  3  	  3  	0.005	0.025	0.012	0.958	
 432 	  3  	  3  	0.006	0.074	0.013	0.907	
 433 	  3  	  3  	0.014	0.035	0.012	0.938	
 434 	  3  	  3  	0.016	0.027	0.012	0.945	
 435 	  3  	  3  	0.014	0.035	0.012	0.938	
 436 	  3  	  3  	0.016	0.027	0.012	0.945	
 437 	  3  	  3  	0.029	0.021	0.020	0.929	
 438 	  3  	  3  	0.029	0.023	0.020	0.929	
 439 	  3  	  3  	0.012	0.067	0.021	0.899	
 440 	  3  	  3  	0.011	0.057	0.033	0.900	
 441 	  3  	  3  	0.024	0.068	0.024	0.884	
 442 	  3  	  3  	0.012	0.070	0.023	0.894	
 443 	  3  	  3  	0.015	0.057	0.039	0.888	
 444 	  3  	  3  	0.013	0.053	0.029	0.905	
 445 	  3  	  3  	0.013	0.114	0.031	0.842	
 446 	  3  	  3  	0.017	0.059	0.037	0.887	
 447 	  3  	  3  	0.013	0.066	0.026	0.895	
 448 	  3  	  3  	0.015	0.048	0.026	0.911	
 449 	  3  	  3  	0.012	0.080	0.023	0.885	
 450 	  3  	  3  	0.013	0.066	0.026	0.895	
 451 	  3  	  3  	0.015	0.048	0.026	0.911	
 452 	  3  	  3  	0.012	0.080	0.023	0.885	
 453 	  3  	  3  	0.013	0.053	0.029	0.905	
 454 	  3  	  3  	0.013	0.114	0.031	0.842	
 455 	  3  	  3  	0.017	0.059	0.037	0.887	
 456 	  3  	  3  	0.051	0.063	0.019	0.867	
 457 	  3  	  3  	0.061	0.069	0.025	0.845	
 458 	  3  	  3  	0.015	0.037	0.022	0.926	
 459 	  3  	  3  	0.010	0.087	0.007	0.896	
 460 	  3  	  3  	0.010	0.092	0.029	0.869	
 461 	  3  	  3  	0.012	0.062	0.047	0.879	
 462 	  3  	  3  	0.050	0.046	0.033	0.871	
 463 	  3  	  3  	0.011	0.069	0.011	0.909	
 464 	  3  	  3  	0.009	0.088	0.025	0.878	
 465 	  3  	  3  	0.017	0.062	0.044	0.876	
 466 	  3  	  3  	0.013	0.064	0.031	0.892	
 467 	  3  	  3  	0.011	0.059	0.019	0.910	
 468 	  3  	  3  	0.019	0.030	0.019	0.931	
 469 	  3  	  3  	0.028	0.050	0.022	0.899	
 470 	  3  	  3  	0.028	0.061	0.026	0.884	
 471 	  3  	  3  	0.011	0.118	0.046	0.826	
 472 	  3  	  3  	0.010	0.056	0.019	0.914	
 473 	  3  	  3  	0.027	0.051	0.022	0.900	
 474 	  3  	  3  	0.012	0.069	0.045	0.874	
 475 	  3  	  3  	0.022	0.048	0.032	0.898	
 476 	  3  	  3  	0.015	0.048	0.025	0.912	
 477 	  3  	  3  	0.011	0.072	0.016	0.902	
 478 	  3  	  3  	0.020	0.032	0.030	0.918	
 479 	  3  	  3  	0.012	0.066	0.027	0.894	
 480 	  3  	  3  	0.014	0.063	0.022	0.902	
 481 	  3  	  3  	0.025	0.057	0.013	0.904	
 482 	  3  	  3  	0.020	0.177	0.023	0.780	
 483 	  3  	  3  	0.028	0.103	0.019	0.851	
 484 	  3  	  3  	0.015	0.042	0.015	0.928	
 485 	  3  	  3  	0.017	0.049	0.019	0.915	
 486 	  3  	  3  	0.019	0.045	0.039	0.898	
 487 	  3  	  3  	0.010	0.042	0.038	0.910	
 488 	  3  	  3  	0.015	0.056	0.026	0.903	
 489 	  3  	  3  	0.021	0.047	0.035	0.897	
 490 	  3  	  3  	0.023	0.030	0.046	0.901	
 491 	  3  	  3  	0.016	0.046	0.040	0.899	
 492 	  3  	  3  	0.013	0.066	0.020	0.901	
 493 	  3  	  3  	0.051	0.028	0.025	0.896	
 494 	  3  	  3  	0.028	0.032	0.032	0.909	
 495 	  3  	  3  	0.011	0.146	0.012	0.830	
 496 	  3  	  3  	0.015	0.049	0.020	0.917	
 497 	  3  	  3  	0.035	0.027	0.017	0.921	
 498 	  3  	  3  	0.012	0.081	0.025	0.882	
 499 	  3  	  3  	0.015	0.039	0.024	0.921	
 500 	  3  	  3  	0.014	0.053	0.030	0.903	
 501 	  3  	  3  	0.059	0.041	0.023	0.877	
 502 	  3  	  3  	0.018	0.059	0.029	0.894	
 503 	  3  	  3  	0.009	0.062	0.027	0.902	
 504 	  3  	  3  	0.012	0.071	0.022	0.895	
 505 	  3  	  3  	0.026	0.070	0.026	0.877	
 506 	  3  	  3  	0.015	0.061	0.032	0.893	
 507 	  3  	  3  	0.013	0.042	0.030	0.915	
 508 	  3  	  3  	0.012	0.050	0.018	0.920	
 509 	  3  	  3  	0.018	0.032	0.033	0.917	
 510 	  3  	  3  	0.020	0.022	0.045	0.914	
 511 	  3  	  3  	0.019	0.094	0.027	0.860	
 512 	  3  	  3  	0.020	0.037	0.032	0.911	
 513 	  3  	  3  	0.034	0.024	0.020	0.922	
 514 	  3  	  3  	0.011	0.069	0.033	0.887	
 515 	  3  	  3  	0.246	0.209	0.025	0.520	
 516 	  3  	  3  	0.012	0.080	0.021	0.886	
 517 	  3  	  3  	0.016	0.074	0.022	0.888	
 518 	  3  	  3  	0.089	0.269	0.106	0.536	
 519 	  3  	  3  	0.018	0.110	0.024	0.848	
 520 	  3  	  3  	0.047	0.093	0.033	0.826	
 521 	  3  	  3  	0.377	0.182	0.034	0.407	
 522 	  3  	  3  	0.013	0.082	0.030	0.874	
 523 	  3  	  3  	0.011	0.069	0.033	0.887	
 524 	  3  	  3  	0.377	0.136	0.028	0.458	
 525 	  3  	  3  	0.012	0.080	0.021	0.886	
 526 	  3  	  3  	0.011	0.062	0.035	0.892	
 527 	  3  	  3  	0.222	0.268	0.021	0.489	
 528 	  3  	  3  	0.011	0.083	0.030	0.877	
 529 	  3  	  3  	0.011	0.062	0.035	0.892	
 530 	  3  	  3  	0.222	0.267	0.021	0.490	
 531 	  3  	  3  	0.011	0.083	0.030	0.877	
 532 	  3  	  3  	0.030	0.095	0.030	0.845	
 533 	  3  	  3  	0.261	0.183	0.037	0.519	
 534 	  3  	  3  	0.013	0.087	0.027	0.873	
 535 	  3  	  3  	0.013	0.076	0.025	0.886	
 536 	  3  	  3  	0.139	0.303	0.098	0.459	
 537 	  0  	  3  	0.321	0.254	0.197	0.228	
 538 	  3  	  3  	0.018	0.162	0.041	0.778	
 539 	  0  	  0  	0.940	0.040	0.008	0.013	
 540 	  0  	  0  	0.910	0.036	0.018	0.036	
 541 	  0  	  0  	0.924	0.030	0.020	0.027	
 542 	  0  	  0  	0.924	0.023	0.016	0.037	
 543 	  0  	  0  	0.919	0.021	0.020	0.039	
 544 	  0  	  0  	0.940	0.040	0.008	0.013	
 545 	  0  	  0  	0.910	0.036	0.018	0.036	
 546 	  0  	  0  	0.924	0.030	0.020	0.027	
 547 	  0  	  0  	0.924	0.030	0.023	0.024	
 548 	  0  	  0  	0.907	0.035	0.019	0.040	
 549 	  0  	  0  	0.892	0.046	0.018	0.045	
 550 	  0  	  0  	0.759	0.115	0.021	0.106	
 551 	  0  	  0  	0.807	0.096	0.016	0.081	
 552 	  0  	  0  	0.924	0.029	0.024	0.024	
 553 	  0  	  0  	0.886	0.042	0.030	0.042	
 554 	  0  	  0  	0.931	0.021	0.021	0.027	
 555 	  0  	  0  	0.926	0.017	0.025	0.031	
 556 	  0  	  0  	0.919	0.035	0.013	0.033	
 557 	  0  	  0  	0.918	0.029	0.021	0.032	
 558 	  0  	  0  	0.926	0.018	0.027	0.028	
 559 	  0  	  0  	0.919	0.033	0.013	0.035	
 560 	  0  	  0  	0.913	0.032	0.023	0.031	
 561 	  0  	  0  	0.929	0.024	0.024	0.023	
 562 	  0  	  0  	0.918	0.038	0.011	0.033	
 563 	  0  	  0  	0.906	0.038	0.012	0.044	
 564 	  0  	  0  	0.908	0.038	0.023	0.031	
 565 	  0  	  0  	0.905	0.034	0.014	0.047	
 566 	  0  	  0  	0.800	0.074	0.039	0.087	
 567 	  0  	  0  	0.899	0.047	0.011	0.042	
 568 	  0  	  0  	0.910	0.038	0.022	0.030	
 569 	  0  	  0  	0.900	0.047	0.029	0.024	
 570 	  0  	  0  	0.956	0.012	0.010	0.023	
 571 	  0  	  0  	0.870	0.025	0.028	0.077	
 572 	  0  	  0  	0.905	0.036	0.027	0.032	
 573 	  0  	  0  	0.920	0.024	0.023	0.033	
 574 	  0  	  0  	0.912	0.040	0.022	0.026	
 575 	  0  	  0  	0.958	0.019	0.012	0.011	
 576 	  0  	  0  	0.914	0.035	0.020	0.031	
 577 	  0  	  0  	0.921	0.036	0.016	0.026	
 578 	  0  	  0  	0.963	0.010	0.008	0.018	
 579 	  0  	  0  	0.897	0.056	0.016	0.031	
 580 	  0  	  0  	0.916	0.041	0.020	0.022	
 581 	  0  	  0  	0.914	0.020	0.028	0.037	
 582 	  0  	  0  	0.901	0.052	0.020	0.026	
 583 	  0  	  0  	0.888	0.056	0.017	0.039	
 584 	  0  	  0  	0.922	0.026	0.022	0.030	
 585 	  0  	  0  	0.926	0.040	0.014	0.019	
 586 	  0  	  0  	0.907	0.042	0.011	0.039	
 587 	  0  	  0  	0.900	0.058	0.012	0.029	
 588 	  0  	  0  	0.924	0.038	0.010	0.028	
 589 	  0  	  0  	0.892	0.039	0.022	0.047	
 590 	  0  	  0  	0.936	0.031	0.011	0.022	
 591 	  0  	  0  	0.909	0.042	0.025	0.023	
 592 	  0  	  0  	0.874	0.069	0.022	0.035	
 593 	  0  	  0  	0.917	0.025	0.027	0.031	
 594 	  0  	  0  	0.901	0.054	0.024	0.021	
 595 	  0  	  0  	0.911	0.039	0.020	0.031	
 596 	  0  	  0  	0.915	0.028	0.032	0.025	
 597 	  0  	  0  	0.912	0.044	0.020	0.025	
 598 	  0  	  0  	0.908	0.035	0.024	0.034	
 599 	  0  	  0  	0.895	0.043	0.032	0.029	
 600 	  0  	  0  	0.910	0.038	0.022	0.031	
 601 	  0  	  0  	0.905	0.038	0.020	0.038	
 602 	  0  	  0  	0.821	0.117	0.027	0.035	
 603 	  0  	  0  	0.690	0.176	0.094	0.040	
 604 	  0  	  0  	0.898	0.020	0.034	0.048	
 605 	  0  	  0  	0.926	0.016	0.021	0.037	
 606 	  0  	  0  	0.905	0.040	0.026	0.030	
 607 	  0  	  0  	0.890	0.050	0.021	0.039	
 608 	  0  	  0  	0.887	0.056	0.027	0.030	
 609 	  0  	  0  	0.924	0.027	0.021	0.028	
 610 	  0  	  0  	0.903	0.036	0.030	0.031	
 611 	  0  	  0  	0.920	0.032	0.025	0.023	
 612 	  0  	  0  	0.901	0.043	0.026	0.029	
 613 	  0  	  0  	0.882	0.052	0.017	0.049	
 614 	  0  	  0  	0.913	0.051	0.012	0.024	
 615 	  0  	  0  	0.886	0.061	0.015	0.038	
 616 	  0  	  0  	0.880	0.059	0.017	0.044	
 617 	  0  	  0  	0.905	0.037	0.012	0.045	
 618 	  0  	  0  	0.917	0.028	0.014	0.040	
 619 	  0  	  0  	0.905	0.048	0.013	0.034	
 620 	  0  	  0  	0.932	0.015	0.013	0.040	
 621 	  0  	  0  	0.893	0.045	0.020	0.042	
 622 	  0  	  0  	0.895	0.040	0.021	0.044	
 623 	  0  	  0  	0.897	0.044	0.015	0.043	
 624 	  0  	  0  	0.878	0.062	0.017	0.043	
 625 	  0  	  0  	0.923	0.029	0.018	0.030	
 626 	  0  	  0  	0.920	0.027	0.021	0.032	
 627 	  0  	  0  	0.892	0.040	0.022	0.045	
 628 	  0  	  0  	0.909	0.035	0.013	0.042	
 629 	  0  	  0  	0.898	0.052	0.013	0.037	
 630 	  0  	  0  	0.917	0.037	0.018	0.028	
 631 	  0  	  0  	0.905	0.041	0.023	0.032	
 632 	  0  	  0  	0.917	0.038	0.014	0.032	
 633 	  0  	  0  	0.873	0.053	0.018	0.056	
 634 	  0  	  0  	0.914	0.043	0.012	0.031	
 635 	  0  	  0  	0.887	0.052	0.020	0.041	
 636 	  0  	  0  	0.876	0.051	0.017	0.056	
 637 	  0  	  0  	0.909	0.048	0.014	0.030	
 638 	  0  	  0  	0.914	0.034	0.023	0.029	
 639 	  0  	  0  	0.927	0.021	0.022	0.031	
 640 	  0  	  0  	0.906	0.031	0.033	0.030	
 641 	  0  	  0  	0.890	0.049	0.030	0.032	
 642 	  0  	  0  	0.908	0.036	0.024	0.032	
 643 	  0  	  0  	0.906	0.030	0.014	0.050	
 644 	  0  	  0  	0.888	0.027	0.061	0.024	
 645 	  0  	  0  	0.926	0.029	0.021	0.025	
 646 	  0  	  0  	0.884	0.069	0.024	0.023	
 647 	  0  	  0  	0.868	0.082	0.024	0.027	
 648 	  0  	  0  	0.891	0.064	0.020	0.024	
 649 	  0  	  0  	0.907	0.044	0.028	0.021	
 650 	  0  	  0  	0.888	0.054	0.037	0.021	
 651 	  0  	  0  	0.913	0.047	0.020	0.020	
 652 	  0  	  0  	0.905	0.038	0.035	0.022	
 653 	  0  	  0  	0.900	0.048	0.017	0.035	
 654 	  0  	  0  	0.890	0.036	0.030	0.045	
 655 	  0  	  0  	0.899	0.038	0.019	0.045	
 656 	  0  	  0  	0.891	0.058	0.016	0.035	
 657 	  0  	  0  	0.891	0.043	0.018	0.048	
 658 	  0  	  0  	0.888	0.046	0.017	0.050	
 659 	  0  	  0  	0.920	0.044	0.014	0.022	
 660 	  0  	  0  	0.928	0.038	0.012	0.022	
 661 	  0  	  0  	0.912	0.048	0.013	0.026	
 662 	  0  	  0  	0.893	0.074	0.014	0.020	
 663 	  0  	  0  	0.909	0.057	0.012	0.022	
 664 	  0  	  0  	0.912	0.052	0.010	0.025	
 665 	  0  	  0  	0.935	0.023	0.017	0.026	
 666 	  0  	  0  	0.928	0.022	0.019	0.032	
 667 	  0  	  0  	0.928	0.031	0.017	0.024	
 668 	  0  	  0  	0.932	0.020	0.020	0.028	
 669 	  0  	  0  	0.922	0.032	0.019	0.028	
 670 	  0  	  0  	0.924	0.031	0.017	0.028	
 671 	  0  	  0  	0.933	0.024	0.015	0.027	
 672 	  0  	  0  	0.926	0.024	0.019	0.031	
 673 	  0  	  0  	0.870	0.045	0.058	0.027	
 674 	  0  	  0  	0.929	0.027	0.017	0.027	
 675 	  0  	  0  	0.906	0.038	0.019	0.038	
 676 	  0  	  0  	0.923	0.035	0.020	0.022	
 677 	  0  	  0  	0.886	0.047	0.021	0.046	
 678 	  0  	  0  	0.854	0.042	0.023	0.081	
 679 	  0  	  0  	0.891	0.043	0.018	0.047	
 680 	  0  	  0  	0.869	0.069	0.014	0.048	
 681 	  0  	  0  	0.906	0.040	0.029	0.026	
 682 	  0  	  0  	0.902	0.030	0.020	0.049	
 683 	  0  	  0  	0.911	0.044	0.015	0.030	
 684 	  0  	  0  	0.901	0.032	0.015	0.051	
 685 	  0  	  0  	0.900	0.044	0.036	0.021	
 686 	  0  	  0  	0.917	0.033	0.017	0.032	
 687 	  0  	  0  	0.924	0.017	0.019	0.040	
 688 	  0  	  0  	0.890	0.045	0.014	0.052	
 689 	  0  	  0  	0.900	0.048	0.017	0.035	
 690 	  0  	  0  	0.889	0.036	0.030	0.045	
 691 	  0  	  0  	0.899	0.038	0.019	0.045	
 692 	  0  	  0  	0.914	0.037	0.016	0.033	
 693 	  0  	  0  	0.920	0.033	0.023	0.024	
 694 	  0  	  0  	0.919	0.027	0.026	0.028	
 695 	  0  	  0  	0.897	0.048	0.013	0.041	
 696 	  0  	  0  	0.924	0.037	0.021	0.019	
 697 	  0  	  0  	0.906	0.039	0.024	0.031	
 698 	  0  	  0  	0.888	0.049	0.013	0.049	
 699 	  0  	  0  	0.921	0.023	0.020	0.036	
 700 	  0  	  0  	0.882	0.043	0.018	0.057	
 701 	  0  	  0  	0.892	0.057	0.016	0.035	
 702 	  0  	  0  	0.891	0.043	0.018	0.048	
 703 	  0  	  0  	0.888	0.046	0.017	0.050	
 704 	  0  	  0  	0.963	0.010	0.009	0.017	
 705 	  0  	  0  	0.920	0.037	0.021	0.023	
 706 	  0  	  0  	0.921	0.033	0.019	0.027	
 707 	  0  	  0  	0.854	0.096	0.018	0.032	
 708 	  0  	  0  	0.919	0.037	0.021	0.023	
 709 	  0  	  0  	0.927	0.031	0.017	0.026	
 710 	  0  	  0  	0.919	0.038	0.020	0.023	
 711 	  0  	  0  	0.898	0.046	0.023	0.033	
 712 	  0  	  0  	0.963	0.010	0.009	0.017	
 713 	  0  	  0  	0.909	0.044	0.024	0.023	
 714 	  0  	  0  	0.966	0.011	0.008	0.016	
 715 	  0  	  0  	0.909	0.032	0.026	0.033	
 716 	  0  	  0  	0.889	0.064	0.022	0.025	
 717 	  0  	  0  	0.928	0.019	0.013	0.041	
 718 	  0  	  0  	0.928	0.016	0.016	0.040	
 719 	  0  	  0  	0.943	0.015	0.017	0.025	
 720 	  0  	  0  	0.920	0.021	0.021	0.038	
 721 	  0  	  0  	0.911	0.045	0.016	0.028	
 722 	  0  	  0  	0.941	0.015	0.015	0.029	
 723 	  0  	  0  	0.893	0.047	0.017	0.043	
 724 	  0  	  0  	0.947	0.015	0.014	0.024	
 725 	  0  	  0  	0.921	0.037	0.024	0.018	
 726 	  0  	  0  	0.943	0.019	0.011	0.026	
 727 	  0  	  0  	0.907	0.043	0.020	0.029	
 728 	  0  	  0  	0.937	0.027	0.017	0.018	
 729 	  0  	  0  	0.925	0.036	0.020	0.019	
 730 	  0  	  0  	0.904	0.038	0.016	0.042	
 731 	  0  	  0  	0.944	0.016	0.014	0.026	
 732 	  0  	  0  	0.893	0.069	0.014	0.025	
 733 	  0  	  0  	0.896	0.066	0.015	0.023	
 734 	  0  	  0  	0.936	0.027	0.014	0.023	
 735 	  0  	  0  	0.940	0.029	0.010	0.021	
 736 	  0  	  0  	0.922	0.031	0.019	0.027	
 737 	  0  	  0  	0.910	0.043	0.013	0.034	
 738 	  0  	  0  	0.909	0.030	0.021	0.039	
 739 	  0  	  0  	0.918	0.034	0.025	0.023	
 740 	  0  	  0  	0.905	0.044	0.014	0.036	
 741 	  0  	  0  	0.908	0.034	0.019	0.040	
 742 	  0  	  0  	0.840	0.097	0.025	0.038	
 743 	  0  	  0  	0.884	0.061	0.026	0.030	
 744 	  0  	  0  	0.904	0.049	0.018	0.029	
 745 	  0  	  0  	0.908	0.037	0.013	0.042	
 746 	  0  	  0  	0.897	0.053	0.021	0.029	
 747 	  0  	  0  	0.910	0.037	0.018	0.036	
 748 	  0  	  0  	0.924	0.038	0.012	0.025	
 749 	  0  	  0  	0.925	0.028	0.015	0.032	
 750 	  0  	  0  	0.910	0.046	0.015	0.029	
 751 	  0  	  0  	0.926	0.030	0.021	0.023	
 752 	  0  	  0  	0.949	0.025	0.012	0.014	
 753 	  0  	  0  	0.925	0.028	0.015	0.032	
 754 	  0  	  0  	0.899	0.045	0.022	0.034	
 755 	  0  	  0  	0.927	0.039	0.019	0.015	
 756 	  0  	  0  	0.910	0.046	0.015	0.029	
 757 	  0  	  0  	0.921	0.028	0.014	0.037	
 758 	  0  	  0  	0.853	0.088	0.020	0.039	
 759 	  0  	  0  	0.914	0.045	0.013	0.028	
 760 	  0  	  0  	0.925	0.025	0.020	0.030	
 761 	  0  	  0  	0.914	0.052	0.016	0.018	
 762 	  0  	  0  	0.927	0.032	0.017	0.024	
 763 	  0  	  0  	0.955	0.015	0.010	0.021	
 764 	  0  	  0  	0.959	0.011	0.008	0.021	
 765 	  0  	  0  	0.926	0.023	0.031	0.021	
 766 	  0  	  0  	0.923	0.021	0.017	0.039	
 767 	  0  	  0  	0.920	0.024	0.033	0.023	
 768 	  0  	  0  	0.918	0.021	0.018	0.043	
 769 	  0  	  0  	0.931	0.031	0.015	0.023	
 770 	  0  	  0  	0.852	0.104	0.019	0.025	
 771 	  0  	  0  	0.955	0.015	0.010	0.021	
 772 	  0  	  0  	0.899	0.058	0.017	0.026	
 773 	  0  	  0  	0.959	0.011	0.008	0.021	
 774 	  0  	  0  	0.933	0.020	0.025	0.021	
 775 	  0  	  0  	0.927	0.023	0.028	0.022	
 776 	  0  	  0  	0.926	0.023	0.031	0.021	
 777 	  0  	  0  	0.923	0.021	0.017	0.039	
 778 	  0  	  0  	0.925	0.022	0.031	0.022	
 779 	  0  	  0  	0.920	0.024	0.033	0.023	
 780 	  0  	  0  	0.918	0.021	0.018	0.043	
 781 	  0  	  0  	0.902	0.042	0.028	0.028	
 782 	  0  	  0  	0.905	0.038	0.022	0.035	
 783 	  0  	  0  	0.900	0.043	0.019	0.038	
 784 	  0  	  0  	0.894	0.040	0.021	0.046	
 785 	  0  	  0  	0.896	0.061	0.017	0.026	
 786 	  0  	  0  	0.876	0.051	0.015	0.059	
 787 	  0  	  0  	0.918	0.036	0.015	0.031	
 788 	  0  	  0  	0.924	0.030	0.013	0.033	
 789 	  0  	  0  	0.897	0.049	0.026	0.028	
 790 	  0  	  0  	0.874	0.060	0.019	0.046	
 791 	  0  	  0  	0.894	0.037	0.020	0.049	
 792 	  0  	  0  	0.906	0.030	0.029	0.034	
 793 	  0  	  0  	0.923	0.022	0.025	0.029	
 794 	  3  	  0  	0.054	0.024	0.025	0.898	
 795 	  0  	  0  	0.825	0.099	0.017	0.059	
 796 	  0  	  0  	0.908	0.039	0.019	0.034	
 797 	  0  	  0  	0.931	0.014	0.015	0.041	
 798 	  0  	  0  	0.915	0.031	0.013	0.041	
 799 	  0  	  0  	0.541	0.037	0.033	0.389	
 800 	  0  	  0  	0.913	0.029	0.016	0.043	
 801 	  0  	  0  	0.496	0.040	0.034	0.430	
 802 	  0  	  0  	0.885	0.062	0.015	0.038	
 803 	  0  	  0  	0.925	0.023	0.017	0.034	
 804 	  0  	  0  	0.924	0.018	0.019	0.038	
 805 	  0  	  0  	0.934	0.034	0.015	0.017	
 806 	  0  	  0  	0.898	0.054	0.014	0.034	
 807 	  0  	  0  	0.918	0.032	0.012	0.038	
 808 	  0  	  0  	0.888	0.057	0.021	0.034	
 809 	  0  	  0  	0.900	0.060	0.018	0.022	
 810 	  0  	  0  	0.964	0.016	0.010	0.010	
 811 	  0  	  0  	0.903	0.034	0.019	0.044	
 812 	  0  	  0  	0.912	0.035	0.017	0.036	
 813 	  0  	  0  	0.855	0.064	0.037	0.044	
 814 	  0  	  0  	0.907	0.040	0.014	0.039	
 815 	  0  	  0  	0.910	0.040	0.018	0.032	
 816 	  0  	  0  	0.939	0.026	0.014	0.021	
 817 	  0  	  0  	0.882	0.043	0.031	0.044	
 818 	  0  	  0  	0.924	0.026	0.022	0.029	
 819 	  0  	  0  	0.933	0.026	0.010	0.031	
 820 	  0  	  0  	0.916	0.026	0.033	0.025	
 821 	  0  	  0  	0.906	0.032	0.025	0.037	
 822 	  0  	  0  	0.894	0.036	0.045	0.025	
 823 	  0  	  0  	0.914	0.039	0.018	0.028	
 824 	  0  	  0  	0.932	0.022	0.015	0.031	
 825 	  0  	  0  	0.926	0.019	0.018	0.037	
 826 	  0  	  0  	0.935	0.041	0.015	0.009	
 827 	  0  	  0  	0.918	0.033	0.014	0.034	
 828 	  0  	  0  	0.897	0.053	0.010	0.039	
 829 	  0  	  0  	0.936	0.017	0.012	0.035	
 830 	  0  	  0  	0.901	0.040	0.028	0.031	
 831 	  0  	  0  	0.922	0.034	0.020	0.024	
 832 	  0  	  0  	0.960	0.011	0.006	0.023	
 833 	  0  	  0  	0.908	0.027	0.016	0.048	
 834 	  0  	  0  	0.897	0.048	0.018	0.037	
 835 	  0  	  0  	0.896	0.057	0.014	0.033	
 836 	  0  	  0  	0.909	0.033	0.015	0.044	
 837 	  0  	  0  	0.861	0.057	0.017	0.065	
 838 	  0  	  0  	0.902	0.036	0.016	0.046	
 839 	  0  	  0  	0.910	0.026	0.022	0.042	
 840 	  0  	  0  	0.674	0.041	0.033	0.252	
 841 	  0  	  0  	0.910	0.034	0.015	0.042	
 842 	  0  	  0  	0.902	0.040	0.027	0.031	
 843 	  0  	  0  	0.802	0.133	0.036	0.029	
 844 	  0  	  0  	0.695	0.261	0.013	0.032	
 845 	  0  	  0  	0.730	0.206	0.030	0.035	
 846 	  0  	  0  	0.587	0.299	0.086	0.028	
 847 	  0  	  0  	0.685	0.255	0.023	0.037	
 848 	  0  	  0  	0.853	0.070	0.017	0.061	
 849 	  0  	  0  	0.684	0.256	0.023	0.037	
 850 	  0  	  0  	0.852	0.070	0.017	0.061	
 851 	  1  	  0  	0.266	0.635	0.057	0.042	
 852 	  0  	  0  	0.913	0.036	0.015	0.036	
 853 	  0  	  0  	0.807	0.129	0.046	0.018	
 854 	  0  	  0  	0.523	0.107	0.016	0.355	
