  no	pred	real	Good	Contact	Radius	Hole
  0  	  1  	  1  	0.009	0.923	0.038	0.030	
  1  	  1  	  1  	0.015	0.910	0.039	0.037	
  2  	  1  	  1  	0.012	0.864	0.077	0.047	
  3  	  1  	  1  	0.009	0.878	0.076	0.036	
  4  	  1  	  1  	0.009	0.923	0.038	0.030	
  5  	  1  	  1  	0.015	0.910	0.039	0.037	
  6  	  1  	  1  	0.014	0.900	0.061	0.024	
  7  	  1  	  1  	0.009	0.900	0.063	0.028	
  8  	  1  	  1  	0.015	0.910	0.035	0.041	
  9  	  1  	  1  	0.013	0.831	0.130	0.027	
 10  	  1  	  1  	0.010	0.781	0.167	0.042	
 11  	  1  	  1  	0.009	0.884	0.074	0.033	
 12  	  1  	  1  	0.015	0.890	0.065	0.030	
 13  	  1  	  1  	0.013	0.891	0.049	0.047	
 14  	  1  	  1  	0.014	0.823	0.097	0.066	
 15  	  1  	  1  	0.015	0.894	0.075	0.016	
 16  	  1  	  1  	0.018	0.895	0.072	0.016	
 17  	  1  	  1  	0.011	0.846	0.101	0.042	
 18  	  1  	  1  	0.018	0.821	0.126	0.035	
 19  	  1  	  1  	0.017	0.709	0.236	0.038	
 20  	  1  	  1  	0.030	0.742	0.202	0.026	
 21  	  1  	  1  	0.010	0.868	0.076	0.046	
 22  	  1  	  1  	0.020	0.871	0.067	0.042	
 23  	  1  	  1  	0.012	0.898	0.046	0.044	
 24  	  1  	  1  	0.015	0.797	0.160	0.028	
 25  	  1  	  1  	0.016	0.866	0.076	0.042	
 26  	  1  	  1  	0.021	0.875	0.074	0.031	
 27  	  1  	  1  	0.018	0.671	0.262	0.049	
 28  	  1  	  1  	0.017	0.870	0.077	0.036	
 29  	  1  	  1  	0.020	0.906	0.046	0.028	
 30  	  1  	  1  	0.036	0.652	0.277	0.035	
 31  	  1  	  1  	0.021	0.897	0.051	0.031	
 32  	  1  	  1  	0.029	0.757	0.169	0.045	
 33  	  1  	  1  	0.018	0.776	0.175	0.031	
 34  	  1  	  1  	0.015	0.845	0.110	0.030	
 35  	  1  	  1  	0.016	0.881	0.069	0.034	
 36  	  1  	  1  	0.021	0.844	0.098	0.037	
 37  	  1  	  1  	0.011	0.926	0.027	0.036	
 38  	  1  	  1  	0.015	0.785	0.175	0.025	
 39  	  1  	  1  	0.013	0.913	0.037	0.036	
 40  	  1  	  1  	0.022	0.881	0.065	0.032	
 41  	  1  	  1  	0.023	0.918	0.018	0.040	
 42  	  1  	  1  	0.011	0.926	0.027	0.036	
 43  	  1  	  1  	0.013	0.913	0.037	0.036	
 44  	  1  	  1  	0.022	0.881	0.066	0.032	
 45  	  1  	  1  	0.023	0.918	0.018	0.040	
 46  	  1  	  1  	0.011	0.946	0.015	0.028	
 47  	  1  	  1  	0.014	0.907	0.041	0.038	
 48  	  1  	  1  	0.024	0.903	0.046	0.028	
 49  	  1  	  1  	0.023	0.921	0.017	0.039	
 50  	  1  	  1  	0.014	0.811	0.150	0.024	
 51  	  1  	  1  	0.011	0.910	0.042	0.036	
 52  	  1  	  1  	0.014	0.932	0.027	0.027	
 53  	  1  	  1  	0.022	0.914	0.023	0.042	
 54  	  1  	  1  	0.011	0.910	0.042	0.036	
 55  	  1  	  1  	0.014	0.932	0.027	0.027	
 56  	  1  	  1  	0.022	0.914	0.023	0.042	
 57  	  1  	  1  	0.014	0.929	0.021	0.036	
 58  	  1  	  1  	0.013	0.920	0.032	0.035	
 59  	  1  	  1  	0.025	0.865	0.076	0.035	
 60  	  1  	  1  	0.025	0.925	0.015	0.035	
 61  	  1  	  1  	0.018	0.840	0.098	0.044	
 62  	  1  	  1  	0.021	0.892	0.071	0.016	
 63  	  1  	  1  	0.025	0.869	0.075	0.031	
 64  	  1  	  1  	0.018	0.840	0.098	0.044	
 65  	  1  	  1  	0.022	0.871	0.075	0.032	
 66  	  1  	  1  	0.014	0.816	0.125	0.045	
 67  	  1  	  1  	0.014	0.775	0.187	0.023	
 68  	  1  	  1  	0.014	0.781	0.162	0.043	
 69  	  1  	  1  	0.017	0.833	0.126	0.024	
 70  	  1  	  1  	0.016	0.865	0.088	0.031	
 71  	  1  	  1  	0.018	0.825	0.128	0.030	
 72  	  1  	  1  	0.017	0.845	0.107	0.031	
 73  	  1  	  1  	0.011	0.887	0.074	0.027	
 74  	  1  	  1  	0.008	0.920	0.039	0.033	
 75  	  1  	  1  	0.018	0.551	0.389	0.042	
 76  	  1  	  1  	0.018	0.884	0.073	0.025	
 77  	  1  	  1  	0.008	0.922	0.036	0.035	
 78  	  1  	  1  	0.010	0.770	0.181	0.039	
 79  	  1  	  1  	0.007	0.863	0.092	0.038	
 80  	  1  	  1  	0.007	0.881	0.070	0.042	
 81  	  1  	  1  	0.017	0.821	0.126	0.037	
 82  	  1  	  1  	0.015	0.605	0.337	0.043	
 83  	  1  	  1  	0.022	0.904	0.046	0.028	
 84  	  1  	  1  	0.016	0.898	0.067	0.020	
 85  	  1  	  1  	0.019	0.924	0.022	0.035	
 86  	  1  	  1  	0.015	0.758	0.184	0.043	
 87  	  1  	  1  	0.016	0.904	0.048	0.032	
 88  	  1  	  1  	0.012	0.871	0.092	0.024	
 89  	  1  	  1  	0.017	0.930	0.012	0.041	
 90  	  1  	  1  	0.015	0.936	0.022	0.028	
 91  	  1  	  1  	0.018	0.733	0.217	0.033	
 92  	  1  	  1  	0.013	0.899	0.049	0.040	
 93  	  1  	  1  	0.029	0.846	0.096	0.029	
 94  	  1  	  1  	0.019	0.808	0.148	0.024	
 95  	  1  	  1  	0.012	0.885	0.063	0.040	
 96  	  1  	  1  	0.012	0.922	0.034	0.032	
 97  	  1  	  1  	0.017	0.915	0.020	0.048	
 98  	  1  	  1  	0.014	0.915	0.036	0.035	
 99  	  1  	  1  	0.013	0.924	0.029	0.033	
 100 	  1  	  1  	0.017	0.908	0.049	0.026	
 101 	  1  	  1  	0.008	0.896	0.058	0.038	
 102 	  1  	  1  	0.011	0.896	0.069	0.024	
 103 	  1  	  1  	0.015	0.873	0.074	0.039	
 104 	  1  	  1  	0.012	0.820	0.128	0.039	
 105 	  1  	  1  	0.031	0.716	0.224	0.029	
 106 	  1  	  1  	0.016	0.834	0.097	0.054	
 107 	  1  	  1  	0.013	0.922	0.036	0.029	
 108 	  1  	  1  	0.014	0.839	0.106	0.042	
 109 	  1  	  1  	0.013	0.800	0.158	0.029	
 110 	  1  	  1  	0.007	0.921	0.046	0.026	
 111 	  1  	  1  	0.012	0.916	0.042	0.030	
 112 	  1  	  1  	0.113	0.822	0.039	0.026	
 113 	  1  	  1  	0.018	0.808	0.134	0.039	
 114 	  1  	  1  	0.015	0.835	0.128	0.021	
 115 	  1  	  1  	0.013	0.900	0.067	0.020	
 116 	  1  	  1  	0.024	0.666	0.252	0.058	
 117 	  1  	  1  	0.012	0.815	0.139	0.035	
 118 	  1  	  1  	0.017	0.887	0.063	0.032	
 119 	  1  	  1  	0.015	0.908	0.034	0.043	
 120 	  1  	  1  	0.020	0.888	0.054	0.038	
 121 	  1  	  1  	0.025	0.924	0.016	0.035	
 122 	  1  	  1  	0.021	0.913	0.033	0.034	
 123 	  1  	  1  	0.013	0.908	0.038	0.041	
 124 	  1  	  1  	0.017	0.881	0.060	0.043	
 125 	  1  	  1  	0.029	0.917	0.019	0.035	
 126 	  1  	  1  	0.012	0.871	0.074	0.043	
 127 	  1  	  1  	0.014	0.939	0.018	0.028	
 128 	  1  	  1  	0.023	0.882	0.055	0.039	
 129 	  1  	  1  	0.017	0.920	0.016	0.047	
 130 	  1  	  1  	0.015	0.883	0.060	0.043	
 131 	  1  	  1  	0.015	0.908	0.050	0.028	
 132 	  1  	  1  	0.013	0.826	0.128	0.032	
 133 	  1  	  1  	0.015	0.769	0.182	0.034	
 134 	  1  	  1  	0.008	0.918	0.043	0.031	
 135 	  1  	  1  	0.016	0.932	0.028	0.024	
 136 	  1  	  1  	0.009	0.941	0.013	0.037	
 137 	  1  	  1  	0.015	0.773	0.154	0.058	
 138 	  1  	  1  	0.018	0.889	0.067	0.026	
 139 	  1  	  1  	0.013	0.606	0.339	0.041	
 140 	  1  	  1  	0.015	0.870	0.079	0.036	
 141 	  1  	  1  	0.029	0.790	0.121	0.060	
 142 	  1  	  1  	0.016	0.898	0.063	0.023	
 143 	  3  	  1  	0.125	0.150	0.176	0.550	
 144 	  1  	  1  	0.083	0.770	0.099	0.048	
 145 	  1  	  1  	0.017	0.892	0.067	0.025	
 146 	  2  	  2  	0.013	0.037	0.922	0.028	
 147 	  2  	  2  	0.012	0.019	0.939	0.030	
 148 	  2  	  2  	0.011	0.037	0.923	0.029	
 149 	  2  	  2  	0.012	0.032	0.934	0.022	
 150 	  2  	  2  	0.014	0.027	0.938	0.021	
 151 	  2  	  2  	0.019	0.029	0.927	0.024	
 152 	  2  	  2  	0.013	0.025	0.941	0.022	
 153 	  2  	  2  	0.019	0.015	0.944	0.023	
 154 	  2  	  2  	0.018	0.030	0.921	0.031	
 155 	  2  	  2  	0.015	0.018	0.939	0.028	
 156 	  2  	  2  	0.015	0.013	0.946	0.026	
 157 	  2  	  2  	0.009	0.030	0.929	0.031	
 158 	  2  	  2  	0.025	0.016	0.935	0.024	
 159 	  2  	  2  	0.017	0.011	0.951	0.021	
 160 	  2  	  2  	0.016	0.015	0.947	0.022	
 161 	  2  	  2  	0.022	0.026	0.932	0.020	
 162 	  2  	  2  	0.016	0.017	0.940	0.028	
 163 	  2  	  2  	0.018	0.016	0.946	0.021	
 164 	  2  	  2  	0.016	0.024	0.927	0.033	
 165 	  2  	  2  	0.010	0.028	0.940	0.023	
 166 	  2  	  2  	0.008	0.022	0.949	0.022	
 167 	  2  	  2  	0.015	0.036	0.929	0.019	
 168 	  2  	  2  	0.015	0.017	0.946	0.022	
 169 	  2  	  2  	0.011	0.022	0.939	0.028	
 170 	  2  	  2  	0.021	0.023	0.927	0.029	
 171 	  2  	  2  	0.017	0.015	0.946	0.022	
 172 	  2  	  2  	0.016	0.019	0.930	0.034	
 173 	  2  	  2  	0.019	0.014	0.948	0.019	
 174 	  2  	  2  	0.019	0.015	0.927	0.039	
 175 	  2  	  2  	0.017	0.014	0.932	0.036	
 176 	  2  	  2  	0.015	0.019	0.942	0.024	
 177 	  2  	  2  	0.015	0.024	0.926	0.034	
 178 	  2  	  2  	0.017	0.017	0.947	0.019	
 179 	  2  	  2  	0.013	0.020	0.941	0.026	
 180 	  2  	  2  	0.017	0.022	0.937	0.025	
 181 	  2  	  2  	0.015	0.019	0.942	0.024	
 182 	  2  	  2  	0.013	0.023	0.930	0.034	
 183 	  2  	  2  	0.016	0.020	0.940	0.024	
 184 	  2  	  2  	0.012	0.022	0.938	0.027	
 185 	  2  	  2  	0.012	0.021	0.932	0.035	
 186 	  2  	  2  	0.019	0.031	0.933	0.017	
 187 	  2  	  2  	0.018	0.040	0.921	0.022	
 188 	  2  	  2  	0.017	0.060	0.907	0.016	
 189 	  2  	  2  	0.015	0.027	0.932	0.026	
 190 	  2  	  2  	0.016	0.044	0.925	0.015	
 191 	  2  	  2  	0.018	0.032	0.931	0.019	
 192 	  2  	  2  	0.017	0.022	0.935	0.026	
 193 	  2  	  2  	0.011	0.020	0.936	0.033	
 194 	  2  	  2  	0.026	0.017	0.940	0.018	
 195 	  2  	  2  	0.011	0.029	0.924	0.036	
 196 	  2  	  2  	0.018	0.031	0.933	0.019	
 197 	  2  	  2  	0.019	0.019	0.939	0.022	
 198 	  2  	  2  	0.019	0.018	0.936	0.027	
 199 	  2  	  2  	0.013	0.028	0.937	0.022	
 200 	  2  	  2  	0.017	0.022	0.929	0.032	
 201 	  2  	  2  	0.013	0.036	0.932	0.018	
 202 	  2  	  2  	0.017	0.027	0.920	0.036	
 203 	  2  	  2  	0.017	0.022	0.929	0.032	
 204 	  2  	  2  	0.019	0.028	0.920	0.033	
 205 	  2  	  2  	0.022	0.030	0.920	0.029	
 206 	  2  	  2  	0.017	0.023	0.927	0.033	
 207 	  2  	  2  	0.017	0.025	0.925	0.033	
 208 	  2  	  2  	0.015	0.029	0.928	0.029	
 209 	  2  	  2  	0.013	0.030	0.933	0.024	
 210 	  2  	  2  	0.015	0.017	0.946	0.022	
 211 	  2  	  2  	0.014	0.021	0.932	0.033	
 212 	  2  	  2  	0.015	0.014	0.959	0.012	
 213 	  2  	  2  	0.017	0.020	0.937	0.026	
 214 	  2  	  2  	0.016	0.018	0.941	0.025	
 215 	  2  	  2  	0.019	0.023	0.938	0.019	
 216 	  2  	  2  	0.014	0.017	0.944	0.026	
 217 	  2  	  2  	0.019	0.023	0.938	0.019	
 218 	  2  	  2  	0.014	0.017	0.944	0.026	
 219 	  2  	  2  	0.015	0.020	0.931	0.034	
 220 	  2  	  2  	0.015	0.017	0.927	0.041	
 221 	  2  	  2  	0.017	0.036	0.922	0.025	
 222 	  2  	  2  	0.015	0.022	0.937	0.026	
 223 	  2  	  2  	0.014	0.043	0.909	0.034	
 224 	  2  	  2  	0.015	0.017	0.927	0.041	
 225 	  2  	  2  	0.015	0.022	0.937	0.026	
 226 	  2  	  2  	0.011	0.042	0.882	0.065	
 227 	  2  	  2  	0.013	0.020	0.943	0.023	
 228 	  2  	  2  	0.007	0.026	0.936	0.031	
 229 	  2  	  2  	0.013	0.017	0.946	0.023	
 230 	  2  	  2  	0.007	0.019	0.954	0.021	
 231 	  2  	  2  	0.007	0.019	0.954	0.021	
 232 	  2  	  2  	0.007	0.026	0.936	0.031	
 233 	  2  	  2  	0.016	0.026	0.934	0.024	
 234 	  2  	  2  	0.019	0.049	0.906	0.026	
 235 	  2  	  2  	0.015	0.032	0.926	0.028	
 236 	  2  	  2  	0.017	0.047	0.909	0.027	
 237 	  2  	  2  	0.016	0.024	0.941	0.019	
 238 	  2  	  2  	0.018	0.024	0.934	0.025	
 239 	  2  	  2  	0.016	0.017	0.938	0.030	
 240 	  2  	  2  	0.023	0.022	0.931	0.024	
 241 	  2  	  2  	0.016	0.021	0.937	0.025	
 242 	  2  	  2  	0.011	0.021	0.942	0.027	
 243 	  2  	  2  	0.016	0.016	0.932	0.035	
 244 	  2  	  2  	0.017	0.024	0.933	0.026	
 245 	  2  	  2  	0.010	0.037	0.930	0.023	
 246 	  2  	  2  	0.024	0.024	0.930	0.022	
 247 	  2  	  2  	0.010	0.021	0.945	0.024	
 248 	  2  	  2  	0.014	0.025	0.942	0.020	
 249 	  2  	  2  	0.017	0.023	0.924	0.036	
 250 	  2  	  2  	0.022	0.019	0.925	0.034	
 251 	  2  	  2  	0.008	0.026	0.947	0.019	
 252 	  2  	  2  	0.021	0.030	0.929	0.020	
 253 	  2  	  2  	0.013	0.032	0.938	0.017	
 254 	  2  	  2  	0.018	0.023	0.929	0.031	
 255 	  2  	  2  	0.013	0.029	0.936	0.022	
 256 	  2  	  2  	0.021	0.031	0.928	0.019	
 257 	  2  	  2  	0.016	0.035	0.930	0.018	
 258 	  2  	  2  	0.023	0.025	0.929	0.023	
 259 	  2  	  2  	0.015	0.023	0.941	0.021	
 260 	  2  	  2  	0.018	0.023	0.934	0.024	
 261 	  3  	  3  	0.022	0.018	0.052	0.908	
 262 	  3  	  3  	0.011	0.043	0.040	0.906	
 263 	  3  	  3  	0.019	0.036	0.074	0.871	
 264 	  3  	  3  	0.027	0.029	0.036	0.908	
 265 	  3  	  3  	0.013	0.031	0.138	0.818	
 266 	  3  	  3  	0.022	0.033	0.081	0.863	
 267 	  3  	  3  	0.022	0.028	0.103	0.847	
 268 	  3  	  3  	0.015	0.053	0.296	0.636	
 269 	  3  	  3  	0.026	0.033	0.079	0.863	
 270 	  3  	  3  	0.015	0.032	0.035	0.918	
 271 	  3  	  3  	0.012	0.033	0.131	0.824	
 272 	  3  	  3  	0.015	0.040	0.175	0.769	
 273 	  3  	  3  	0.022	0.048	0.044	0.886	
 274 	  3  	  3  	0.013	0.031	0.137	0.819	
 275 	  3  	  3  	0.023	0.028	0.114	0.835	
 276 	  3  	  3  	0.013	0.030	0.038	0.920	
 277 	  3  	  3  	0.013	0.045	0.049	0.893	
 278 	  3  	  3  	0.018	0.024	0.125	0.833	
 279 	  3  	  3  	0.015	0.034	0.038	0.913	
 280 	  3  	  3  	0.014	0.036	0.105	0.845	
 281 	  3  	  3  	0.014	0.048	0.166	0.772	
 282 	  3  	  3  	0.019	0.042	0.061	0.878	
 283 	  3  	  3  	0.021	0.047	0.071	0.861	
 284 	  3  	  3  	0.014	0.040	0.106	0.840	
 285 	  3  	  3  	0.017	0.051	0.177	0.754	
 286 	  3  	  3  	0.014	0.050	0.076	0.860	
 287 	  3  	  3  	0.046	0.031	0.018	0.905	
 288 	  3  	  3  	0.011	0.025	0.088	0.876	
 289 	  3  	  3  	0.026	0.036	0.105	0.834	
 290 	  3  	  3  	0.007	0.080	0.083	0.830	
 291 	  3  	  3  	0.028	0.028	0.142	0.802	
 292 	  3  	  3  	0.019	0.022	0.088	0.870	
 293 	  3  	  3  	0.019	0.019	0.137	0.825	
 294 	  3  	  3  	0.036	0.038	0.103	0.823	
 295 	  3  	  3  	0.026	0.046	0.105	0.823	
 296 	  3  	  3  	0.027	0.032	0.069	0.871	
 297 	  3  	  3  	0.021	0.036	0.054	0.889	
 298 	  3  	  3  	0.030	0.027	0.097	0.847	
 299 	  3  	  3  	0.029	0.040	0.127	0.803	
 300 	  3  	  3  	0.028	0.044	0.239	0.689	
 301 	  3  	  3  	0.003	0.012	0.005	0.981	
 302 	  3  	  3  	0.031	0.024	0.132	0.813	
 303 	  3  	  3  	0.026	0.042	0.104	0.828	
 304 	  3  	  3  	0.016	0.038	0.063	0.884	
 305 	  3  	  3  	0.025	0.035	0.073	0.867	
 306 	  3  	  3  	0.028	0.024	0.231	0.717	
 307 	  3  	  3  	0.026	0.049	0.099	0.827	
 308 	  3  	  3  	0.020	0.025	0.110	0.846	
 309 	  3  	  3  	0.023	0.030	0.100	0.847	
 310 	  3  	  3  	0.022	0.037	0.106	0.835	
 311 	  3  	  3  	0.032	0.057	0.085	0.826	
 312 	  3  	  3  	0.022	0.026	0.062	0.890	
 313 	  3  	  3  	0.022	0.023	0.093	0.862	
 314 	  3  	  3  	0.018	0.024	0.131	0.827	
 315 	  3  	  3  	0.028	0.021	0.146	0.806	
 316 	  3  	  3  	0.020	0.027	0.106	0.847	
 317 	  3  	  3  	0.026	0.020	0.150	0.803	
 318 	  3  	  3  	0.012	0.038	0.174	0.776	
 319 	  3  	  3  	0.018	0.044	0.049	0.889	
 320 	  3  	  3  	0.025	0.033	0.135	0.807	
 321 	  3  	  3  	0.026	0.023	0.102	0.848	
 322 	  3  	  3  	0.013	0.031	0.196	0.760	
 323 	  3  	  3  	0.018	0.039	0.041	0.902	
 324 	  3  	  3  	0.018	0.025	0.237	0.721	
 325 	  3  	  3  	0.020	0.045	0.220	0.714	
 326 	  3  	  3  	0.014	0.029	0.160	0.797	
 327 	  3  	  3  	0.022	0.032	0.050	0.895	
 328 	  3  	  3  	0.021	0.026	0.144	0.810	
 329 	  3  	  3  	0.022	0.032	0.111	0.835	
 330 	  3  	  3  	0.026	0.047	0.099	0.827	
 331 	  3  	  3  	0.028	0.052	0.049	0.871	
 332 	  3  	  3  	0.020	0.014	0.251	0.715	
 333 	  3  	  3  	0.026	0.015	0.270	0.689	
 334 	  3  	  3  	0.012	0.037	0.134	0.817	
 335 	  3  	  3  	0.023	0.072	0.066	0.839	
 336 	  3  	  3  	0.020	0.025	0.147	0.809	
 337 	  3  	  3  	0.014	0.034	0.145	0.807	
 338 	  3  	  3  	0.022	0.046	0.262	0.670	
 339 	  3  	  3  	0.023	0.032	0.109	0.836	
 340 	  3  	  3  	0.018	0.024	0.098	0.859	
 341 	  3  	  3  	0.020	0.033	0.057	0.889	
 342 	  3  	  3  	0.022	0.034	0.170	0.774	
 343 	  3  	  3  	0.023	0.069	0.060	0.849	
 344 	  3  	  3  	0.022	0.029	0.089	0.860	
 345 	  3  	  3  	0.025	0.028	0.078	0.868	
 346 	  3  	  3  	0.031	0.022	0.179	0.768	
 347 	  3  	  3  	0.024	0.033	0.076	0.867	
 348 	  3  	  3  	0.020	0.033	0.099	0.848	
 349 	  3  	  3  	0.028	0.032	0.070	0.869	
 350 	  3  	  3  	0.021	0.023	0.085	0.871	
 351 	  3  	  3  	0.027	0.025	0.076	0.872	
 352 	  3  	  3  	0.026	0.030	0.146	0.798	
 353 	  3  	  3  	0.026	0.022	0.083	0.869	
 354 	  3  	  3  	0.031	0.046	0.079	0.843	
 355 	  3  	  3  	0.028	0.023	0.160	0.789	
 356 	  3  	  3  	0.028	0.028	0.087	0.858	
 357 	  3  	  3  	0.024	0.057	0.062	0.857	
 358 	  3  	  3  	0.023	0.040	0.060	0.878	
 359 	  3  	  3  	0.031	0.028	0.066	0.875	
 360 	  3  	  3  	0.017	0.026	0.110	0.846	
 361 	  3  	  3  	0.027	0.030	0.066	0.877	
 362 	  3  	  3  	0.025	0.029	0.109	0.837	
 363 	  3  	  3  	0.019	0.031	0.106	0.845	
 364 	  3  	  3  	0.030	0.028	0.082	0.860	
 365 	  3  	  3  	0.018	0.033	0.099	0.849	
 366 	  3  	  3  	0.024	0.042	0.094	0.840	
 367 	  3  	  3  	0.021	0.041	0.090	0.848	
 368 	  3  	  3  	0.016	0.034	0.101	0.850	
 369 	  3  	  3  	0.028	0.038	0.091	0.844	
 370 	  3  	  3  	0.018	0.033	0.099	0.849	
 371 	  3  	  3  	0.024	0.042	0.094	0.840	
 372 	  3  	  3  	0.025	0.029	0.109	0.837	
 373 	  3  	  3  	0.019	0.031	0.106	0.845	
 374 	  3  	  3  	0.030	0.028	0.082	0.860	
 375 	  3  	  3  	0.021	0.037	0.072	0.871	
 376 	  3  	  3  	0.018	0.030	0.086	0.866	
 377 	  3  	  3  	0.028	0.029	0.083	0.861	
 378 	  3  	  3  	0.029	0.030	0.081	0.860	
 379 	  3  	  3  	0.015	0.056	0.077	0.852	
 380 	  3  	  3  	0.042	0.027	0.071	0.860	
 381 	  3  	  3  	0.038	0.036	0.090	0.836	
 382 	  3  	  3  	0.029	0.030	0.147	0.794	
 383 	  3  	  3  	0.024	0.033	0.075	0.867	
 384 	  3  	  3  	0.033	0.060	0.104	0.802	
 385 	  3  	  3  	0.026	0.030	0.146	0.798	
 386 	  3  	  3  	0.026	0.022	0.083	0.869	
 387 	  3  	  3  	0.031	0.046	0.079	0.843	
 388 	  3  	  3  	0.027	0.032	0.094	0.847	
 389 	  3  	  3  	0.030	0.034	0.083	0.852	
 390 	  3  	  3  	0.036	0.039	0.047	0.878	
 391 	  3  	  3  	0.029	0.027	0.138	0.806	
 392 	  3  	  3  	0.022	0.030	0.068	0.880	
 393 	  3  	  3  	0.027	0.042	0.048	0.882	
 394 	  3  	  3  	0.042	0.024	0.117	0.816	
 395 	  3  	  3  	0.027	0.044	0.061	0.868	
 396 	  3  	  3  	0.017	0.065	0.044	0.874	
 397 	  3  	  3  	0.034	0.028	0.124	0.814	
 398 	  3  	  3  	0.022	0.031	0.075	0.872	
 399 	  3  	  3  	0.015	0.092	0.023	0.870	
 400 	  3  	  3  	0.043	0.026	0.146	0.785	
 401 	  3  	  3  	0.027	0.029	0.076	0.867	
 402 	  3  	  3  	0.025	0.055	0.034	0.887	
 403 	  3  	  3  	0.028	0.023	0.160	0.789	
 404 	  3  	  3  	0.028	0.028	0.087	0.858	
 405 	  3  	  3  	0.024	0.057	0.062	0.857	
 406 	  3  	  3  	0.002	0.008	0.010	0.980	
 407 	  3  	  3  	0.002	0.008	0.010	0.981	
 408 	  3  	  3  	0.002	0.008	0.010	0.980	
 409 	  3  	  3  	0.022	0.029	0.123	0.826	
 410 	  3  	  3  	0.002	0.008	0.009	0.981	
 411 	  3  	  3  	0.017	0.032	0.102	0.848	
 412 	  3  	  3  	0.025	0.039	0.088	0.848	
 413 	  3  	  3  	0.018	0.043	0.102	0.837	
 414 	  3  	  3  	0.014	0.031	0.069	0.886	
 415 	  3  	  3  	0.020	0.043	0.082	0.854	
 416 	  3  	  3  	0.028	0.037	0.092	0.843	
 417 	  3  	  3  	0.020	0.040	0.093	0.848	
 418 	  3  	  3  	0.024	0.037	0.089	0.850	
 419 	  3  	  3  	0.019	0.040	0.103	0.838	
 420 	  3  	  3  	0.017	0.037	0.088	0.857	
 421 	  3  	  3  	0.027	0.034	0.091	0.847	
 422 	  3  	  3  	0.031	0.033	0.137	0.798	
 423 	  3  	  3  	0.020	0.037	0.072	0.871	
 424 	  3  	  3  	0.020	0.054	0.084	0.843	
 425 	  3  	  3  	0.015	0.033	0.102	0.850	
 426 	  3  	  3  	0.022	0.054	0.061	0.863	
 427 	  3  	  3  	0.013	0.030	0.093	0.863	
 428 	  3  	  3  	0.038	0.032	0.049	0.881	
 429 	  3  	  3  	0.015	0.029	0.088	0.869	
 430 	  3  	  3  	0.022	0.045	0.050	0.883	
 431 	  3  	  3  	0.004	0.006	0.011	0.979	
 432 	  3  	  3  	0.013	0.020	0.049	0.918	
 433 	  3  	  3  	0.013	0.041	0.037	0.909	
 434 	  3  	  3  	0.015	0.039	0.041	0.905	
 435 	  3  	  3  	0.013	0.041	0.037	0.909	
 436 	  3  	  3  	0.015	0.039	0.041	0.905	
 437 	  3  	  3  	0.012	0.020	0.012	0.956	
 438 	  3  	  3  	0.011	0.019	0.012	0.957	
 439 	  3  	  3  	0.023	0.031	0.074	0.873	
 440 	  3  	  3  	0.017	0.038	0.112	0.833	
 441 	  3  	  3  	0.034	0.025	0.117	0.824	
 442 	  3  	  3  	0.023	0.027	0.110	0.840	
 443 	  3  	  3  	0.028	0.042	0.091	0.839	
 444 	  3  	  3  	0.021	0.024	0.125	0.830	
 445 	  3  	  3  	0.020	0.040	0.093	0.847	
 446 	  3  	  3  	0.022	0.048	0.081	0.850	
 447 	  3  	  3  	0.023	0.024	0.139	0.814	
 448 	  3  	  3  	0.024	0.036	0.119	0.820	
 449 	  3  	  3  	0.018	0.052	0.104	0.825	
 450 	  3  	  3  	0.023	0.024	0.139	0.814	
 451 	  3  	  3  	0.024	0.036	0.119	0.820	
 452 	  3  	  3  	0.018	0.052	0.104	0.825	
 453 	  3  	  3  	0.021	0.024	0.125	0.830	
 454 	  3  	  3  	0.020	0.040	0.093	0.847	
 455 	  3  	  3  	0.022	0.048	0.081	0.850	
 456 	  3  	  3  	0.056	0.028	0.060	0.855	
 457 	  3  	  3  	0.051	0.034	0.066	0.849	
 458 	  3  	  3  	0.018	0.033	0.046	0.903	
 459 	  3  	  3  	0.017	0.032	0.062	0.890	
 460 	  3  	  3  	0.010	0.041	0.106	0.844	
 461 	  3  	  3  	0.020	0.041	0.055	0.884	
 462 	  3  	  3  	0.049	0.037	0.047	0.867	
 463 	  3  	  3  	0.020	0.024	0.052	0.903	
 464 	  3  	  3  	0.010	0.058	0.124	0.808	
 465 	  3  	  3  	0.028	0.054	0.085	0.833	
 466 	  3  	  3  	0.027	0.022	0.184	0.767	
 467 	  3  	  3  	0.020	0.015	0.141	0.824	
 468 	  3  	  3  	0.023	0.018	0.130	0.829	
 469 	  3  	  3  	0.046	0.044	0.070	0.841	
 470 	  3  	  3  	0.024	0.062	0.077	0.837	
 471 	  3  	  3  	0.017	0.037	0.078	0.868	
 472 	  3  	  3  	0.023	0.043	0.117	0.817	
 473 	  3  	  3  	0.024	0.038	0.063	0.875	
 474 	  3  	  3  	0.011	0.065	0.127	0.797	
 475 	  3  	  3  	0.020	0.021	0.149	0.810	
 476 	  3  	  3  	0.022	0.018	0.133	0.827	
 477 	  3  	  3  	0.013	0.058	0.095	0.834	
 478 	  3  	  3  	0.030	0.042	0.055	0.873	
 479 	  3  	  3  	0.018	0.020	0.256	0.705	
 480 	  3  	  3  	0.016	0.031	0.106	0.847	
 481 	  3  	  3  	0.017	0.035	0.114	0.835	
 482 	  3  	  3  	0.023	0.059	0.067	0.852	
 483 	  3  	  3  	0.019	0.043	0.150	0.788	
 484 	  3  	  3  	0.016	0.029	0.097	0.858	
 485 	  3  	  3  	0.026	0.030	0.080	0.864	
 486 	  3  	  3  	0.018	0.010	0.300	0.672	
 487 	  3  	  3  	0.017	0.025	0.137	0.820	
 488 	  3  	  3  	0.015	0.021	0.185	0.779	
 489 	  3  	  3  	0.031	0.030	0.073	0.866	
 490 	  3  	  3  	0.035	0.022	0.236	0.707	
 491 	  3  	  3  	0.023	0.022	0.102	0.852	
 492 	  3  	  3  	0.017	0.023	0.076	0.884	
 493 	  3  	  3  	0.018	0.027	0.016	0.939	
 494 	  3  	  3  	0.019	0.020	0.094	0.866	
 495 	  3  	  3  	0.022	0.048	0.045	0.885	
 496 	  3  	  3  	0.019	0.053	0.162	0.767	
 497 	  3  	  3  	0.012	0.019	0.008	0.961	
 498 	  3  	  3  	0.015	0.051	0.113	0.821	
 499 	  3  	  3  	0.035	0.026	0.149	0.790	
 500 	  3  	  3  	0.034	0.056	0.065	0.845	
 501 	  3  	  3  	0.028	0.034	0.135	0.803	
 502 	  3  	  3  	0.017	0.057	0.090	0.837	
 503 	  3  	  3  	0.020	0.045	0.071	0.864	
 504 	  3  	  3  	0.018	0.021	0.145	0.816	
 505 	  3  	  3  	0.018	0.033	0.103	0.846	
 506 	  3  	  3  	0.010	0.048	0.083	0.859	
 507 	  3  	  3  	0.018	0.020	0.080	0.882	
 508 	  3  	  3  	0.024	0.029	0.087	0.860	
 509 	  3  	  3  	0.016	0.020	0.129	0.835	
 510 	  3  	  3  	0.019	0.013	0.242	0.726	
 511 	  3  	  3  	0.022	0.046	0.136	0.796	
 512 	  3  	  3  	0.014	0.023	0.149	0.815	
 513 	  3  	  3  	0.013	0.022	0.012	0.953	
 514 	  3  	  3  	0.020	0.055	0.242	0.682	
 515 	  0  	  3  	0.508	0.159	0.104	0.230	
 516 	  3  	  3  	0.018	0.055	0.082	0.846	
 517 	  3  	  3  	0.035	0.101	0.131	0.733	
 518 	  3  	  3  	0.267	0.069	0.251	0.413	
 519 	  3  	  3  	0.038	0.090	0.169	0.704	
 520 	  3  	  3  	0.024	0.038	0.264	0.673	
 521 	  0  	  3  	0.386	0.134	0.128	0.351	
 522 	  3  	  3  	0.017	0.059	0.082	0.842	
 523 	  3  	  3  	0.020	0.055	0.242	0.682	
 524 	  0  	  3  	0.454	0.202	0.097	0.247	
 525 	  3  	  3  	0.018	0.055	0.082	0.846	
 526 	  3  	  3  	0.021	0.059	0.240	0.680	
 527 	  3  	  3  	0.258	0.260	0.127	0.355	
 528 	  3  	  3  	0.017	0.070	0.077	0.836	
 529 	  3  	  3  	0.021	0.059	0.240	0.680	
 530 	  3  	  3  	0.256	0.261	0.127	0.356	
 531 	  3  	  3  	0.017	0.070	0.077	0.836	
 532 	  3  	  3  	0.026	0.043	0.173	0.758	
 533 	  0  	  3  	0.395	0.072	0.254	0.280	
 534 	  3  	  3  	0.014	0.055	0.095	0.836	
 535 	  3  	  3  	0.033	0.071	0.121	0.775	
 536 	  3  	  3  	0.266	0.064	0.234	0.435	
 537 	  0  	  3  	0.745	0.114	0.064	0.077	
 538 	  3  	  3  	0.013	0.115	0.169	0.703	
 539 	  0  	  0  	0.950	0.026	0.013	0.010	
 540 	  0  	  0  	0.886	0.029	0.052	0.034	
 541 	  0  	  0  	0.927	0.017	0.033	0.023	
 542 	  0  	  0  	0.927	0.015	0.033	0.025	
 543 	  0  	  0  	0.899	0.017	0.051	0.033	
 544 	  0  	  0  	0.950	0.026	0.013	0.010	
 545 	  0  	  0  	0.886	0.029	0.052	0.034	
 546 	  0  	  0  	0.927	0.017	0.033	0.023	
 547 	  0  	  0  	0.872	0.021	0.086	0.022	
 548 	  0  	  0  	0.833	0.025	0.096	0.046	
 549 	  0  	  0  	0.856	0.069	0.037	0.038	
 550 	  0  	  0  	0.880	0.036	0.052	0.032	
 551 	  0  	  0  	0.829	0.080	0.050	0.041	
 552 	  0  	  0  	0.883	0.023	0.074	0.020	
 553 	  0  	  0  	0.881	0.026	0.078	0.015	
 554 	  0  	  0  	0.886	0.026	0.059	0.029	
 555 	  0  	  0  	0.871	0.027	0.047	0.054	
 556 	  0  	  0  	0.868	0.042	0.055	0.035	
 557 	  0  	  0  	0.855	0.019	0.104	0.021	
 558 	  0  	  0  	0.900	0.016	0.065	0.019	
 559 	  0  	  0  	0.892	0.033	0.047	0.027	
 560 	  0  	  0  	0.890	0.026	0.067	0.017	
 561 	  0  	  0  	0.905	0.019	0.051	0.025	
 562 	  0  	  0  	0.916	0.036	0.016	0.032	
 563 	  0  	  0  	0.926	0.017	0.022	0.035	
 564 	  0  	  0  	0.880	0.021	0.065	0.035	
 565 	  0  	  0  	0.915	0.023	0.021	0.042	
 566 	  0  	  0  	0.874	0.022	0.066	0.037	
 567 	  0  	  0  	0.920	0.025	0.014	0.042	
 568 	  0  	  0  	0.918	0.028	0.037	0.017	
 569 	  0  	  0  	0.866	0.034	0.085	0.016	
 570 	  0  	  0  	0.968	0.010	0.009	0.014	
 571 	  0  	  0  	0.919	0.019	0.041	0.021	
 572 	  0  	  0  	0.846	0.028	0.103	0.024	
 573 	  0  	  0  	0.908	0.017	0.058	0.018	
 574 	  0  	  0  	0.883	0.022	0.071	0.024	
 575 	  0  	  0  	0.958	0.018	0.013	0.011	
 576 	  0  	  0  	0.915	0.024	0.044	0.018	
 577 	  0  	  0  	0.878	0.024	0.073	0.025	
 578 	  0  	  0  	0.966	0.012	0.010	0.012	
 579 	  0  	  0  	0.864	0.029	0.085	0.022	
 580 	  0  	  0  	0.886	0.019	0.071	0.025	
 581 	  0  	  0  	0.900	0.020	0.054	0.025	
 582 	  0  	  0  	0.880	0.033	0.062	0.026	
 583 	  0  	  0  	0.881	0.027	0.074	0.018	
 584 	  0  	  0  	0.918	0.020	0.046	0.016	
 585 	  0  	  0  	0.938	0.026	0.019	0.017	
 586 	  0  	  0  	0.928	0.017	0.019	0.035	
 587 	  0  	  0  	0.904	0.029	0.032	0.035	
 588 	  0  	  0  	0.939	0.020	0.017	0.024	
 589 	  0  	  0  	0.905	0.020	0.048	0.027	
 590 	  0  	  0  	0.940	0.014	0.020	0.026	
 591 	  0  	  0  	0.883	0.039	0.058	0.020	
 592 	  0  	  0  	0.892	0.041	0.049	0.018	
 593 	  0  	  0  	0.902	0.025	0.052	0.021	
 594 	  0  	  0  	0.880	0.035	0.061	0.025	
 595 	  0  	  0  	0.891	0.021	0.073	0.015	
 596 	  0  	  0  	0.925	0.016	0.040	0.020	
 597 	  0  	  0  	0.895	0.033	0.049	0.023	
 598 	  0  	  0  	0.875	0.027	0.080	0.018	
 599 	  0  	  0  	0.912	0.021	0.043	0.024	
 600 	  0  	  0  	0.841	0.027	0.102	0.030	
 601 	  0  	  0  	0.869	0.026	0.080	0.024	
 602 	  0  	  0  	0.893	0.029	0.060	0.018	
 603 	  0  	  0  	0.954	0.022	0.012	0.012	
 604 	  0  	  0  	0.841	0.029	0.100	0.030	
 605 	  0  	  0  	0.883	0.026	0.057	0.034	
 606 	  0  	  0  	0.846	0.019	0.107	0.029	
 607 	  0  	  0  	0.906	0.022	0.044	0.029	
 608 	  0  	  0  	0.923	0.022	0.033	0.021	
 609 	  0  	  0  	0.832	0.019	0.123	0.026	
 610 	  0  	  0  	0.904	0.027	0.045	0.025	
 611 	  0  	  0  	0.924	0.024	0.034	0.018	
 612 	  0  	  0  	0.930	0.021	0.032	0.017	
 613 	  0  	  0  	0.925	0.020	0.025	0.031	
 614 	  0  	  0  	0.932	0.020	0.026	0.022	
 615 	  0  	  0  	0.930	0.021	0.025	0.024	
 616 	  0  	  0  	0.832	0.060	0.079	0.029	
 617 	  0  	  0  	0.819	0.071	0.044	0.066	
 618 	  0  	  0  	0.842	0.075	0.045	0.039	
 619 	  0  	  0  	0.862	0.029	0.075	0.034	
 620 	  0  	  0  	0.947	0.011	0.020	0.022	
 621 	  0  	  0  	0.881	0.038	0.053	0.028	
 622 	  0  	  0  	0.882	0.026	0.065	0.026	
 623 	  0  	  0  	0.881	0.043	0.047	0.029	
 624 	  0  	  0  	0.881	0.035	0.055	0.029	
 625 	  0  	  0  	0.857	0.019	0.080	0.043	
 626 	  0  	  0  	0.845	0.024	0.088	0.043	
 627 	  0  	  0  	0.862	0.033	0.072	0.033	
 628 	  0  	  0  	0.839	0.045	0.084	0.032	
 629 	  0  	  0  	0.871	0.034	0.062	0.033	
 630 	  0  	  0  	0.860	0.039	0.069	0.032	
 631 	  0  	  0  	0.857	0.031	0.077	0.036	
 632 	  0  	  0  	0.756	0.031	0.169	0.044	
 633 	  0  	  0  	0.850	0.040	0.057	0.052	
 634 	  0  	  0  	0.834	0.042	0.095	0.029	
 635 	  0  	  0  	0.878	0.030	0.055	0.036	
 636 	  0  	  0  	0.867	0.032	0.051	0.050	
 637 	  0  	  0  	0.908	0.028	0.035	0.030	
 638 	  0  	  0  	0.785	0.028	0.137	0.050	
 639 	  0  	  0  	0.874	0.017	0.081	0.028	
 640 	  0  	  0  	0.923	0.033	0.021	0.024	
 641 	  0  	  0  	0.861	0.045	0.058	0.036	
 642 	  0  	  0  	0.890	0.026	0.057	0.027	
 643 	  0  	  0  	0.929	0.017	0.020	0.034	
 644 	  0  	  0  	0.834	0.024	0.126	0.016	
 645 	  0  	  0  	0.733	0.019	0.230	0.018	
 646 	  0  	  0  	0.882	0.040	0.065	0.012	
 647 	  0  	  0  	0.890	0.022	0.062	0.027	
 648 	  0  	  0  	0.893	0.032	0.049	0.025	
 649 	  0  	  0  	0.697	0.031	0.244	0.028	
 650 	  0  	  0  	0.868	0.017	0.088	0.027	
 651 	  0  	  0  	0.895	0.030	0.052	0.023	
 652 	  0  	  0  	0.840	0.024	0.110	0.027	
 653 	  0  	  0  	0.830	0.028	0.113	0.030	
 654 	  0  	  0  	0.872	0.027	0.065	0.035	
 655 	  0  	  0  	0.826	0.020	0.079	0.075	
 656 	  0  	  0  	0.886	0.029	0.055	0.030	
 657 	  0  	  0  	0.825	0.019	0.121	0.034	
 658 	  0  	  0  	0.883	0.025	0.053	0.039	
 659 	  0  	  0  	0.939	0.024	0.021	0.016	
 660 	  0  	  0  	0.928	0.029	0.022	0.021	
 661 	  0  	  0  	0.925	0.021	0.035	0.020	
 662 	  0  	  0  	0.912	0.032	0.039	0.017	
 663 	  0  	  0  	0.926	0.025	0.026	0.023	
 664 	  0  	  0  	0.928	0.031	0.020	0.020	
 665 	  0  	  0  	0.900	0.020	0.052	0.028	
 666 	  0  	  0  	0.881	0.017	0.064	0.038	
 667 	  0  	  0  	0.887	0.021	0.068	0.023	
 668 	  0  	  0  	0.912	0.019	0.040	0.029	
 669 	  0  	  0  	0.916	0.030	0.033	0.022	
 670 	  0  	  0  	0.858	0.021	0.091	0.029	
 671 	  0  	  0  	0.902	0.027	0.038	0.033	
 672 	  0  	  0  	0.910	0.025	0.034	0.031	
 673 	  0  	  0  	0.812	0.021	0.140	0.027	
 674 	  0  	  0  	0.888	0.018	0.070	0.024	
 675 	  0  	  0  	0.870	0.030	0.072	0.029	
 676 	  0  	  0  	0.890	0.025	0.061	0.024	
 677 	  0  	  0  	0.851	0.024	0.075	0.049	
 678 	  0  	  0  	0.859	0.028	0.057	0.056	
 679 	  0  	  0  	0.801	0.021	0.137	0.041	
 680 	  0  	  0  	0.850	0.018	0.084	0.049	
 681 	  0  	  0  	0.886	0.026	0.070	0.017	
 682 	  0  	  0  	0.846	0.031	0.088	0.035	
 683 	  0  	  0  	0.894	0.028	0.055	0.024	
 684 	  0  	  0  	0.822	0.023	0.110	0.046	
 685 	  0  	  0  	0.828	0.042	0.107	0.024	
 686 	  0  	  0  	0.844	0.024	0.089	0.043	
 687 	  0  	  0  	0.809	0.024	0.122	0.045	
 688 	  0  	  0  	0.836	0.024	0.081	0.059	
 689 	  0  	  0  	0.830	0.028	0.113	0.030	
 690 	  0  	  0  	0.874	0.028	0.063	0.036	
 691 	  0  	  0  	0.826	0.020	0.079	0.075	
 692 	  0  	  0  	0.900	0.042	0.040	0.018	
 693 	  0  	  0  	0.867	0.024	0.079	0.030	
 694 	  0  	  0  	0.893	0.023	0.065	0.019	
 695 	  0  	  0  	0.870	0.043	0.068	0.018	
 696 	  0  	  0  	0.845	0.043	0.080	0.032	
 697 	  0  	  0  	0.899	0.025	0.059	0.017	
 698 	  0  	  0  	0.845	0.020	0.088	0.047	
 699 	  0  	  0  	0.900	0.029	0.042	0.029	
 700 	  0  	  0  	0.860	0.018	0.064	0.059	
 701 	  0  	  0  	0.886	0.029	0.055	0.029	
 702 	  0  	  0  	0.825	0.019	0.121	0.034	
 703 	  0  	  0  	0.883	0.025	0.053	0.039	
 704 	  0  	  0  	0.982	0.007	0.005	0.006	
 705 	  0  	  0  	0.905	0.028	0.045	0.022	
 706 	  0  	  0  	0.906	0.019	0.047	0.027	
 707 	  0  	  0  	0.875	0.035	0.057	0.032	
 708 	  0  	  0  	0.906	0.024	0.045	0.024	
 709 	  0  	  0  	0.904	0.020	0.048	0.027	
 710 	  0  	  0  	0.898	0.025	0.059	0.019	
 711 	  0  	  0  	0.889	0.021	0.071	0.019	
 712 	  0  	  0  	0.982	0.007	0.005	0.006	
 713 	  0  	  0  	0.905	0.024	0.052	0.018	
 714 	  0  	  0  	0.980	0.007	0.007	0.006	
 715 	  0  	  0  	0.844	0.034	0.079	0.043	
 716 	  0  	  0  	0.905	0.021	0.051	0.023	
 717 	  0  	  0  	0.856	0.015	0.072	0.057	
 718 	  0  	  0  	0.869	0.017	0.075	0.039	
 719 	  0  	  0  	0.809	0.019	0.107	0.064	
 720 	  0  	  0  	0.858	0.024	0.078	0.040	
 721 	  0  	  0  	0.901	0.029	0.035	0.034	
 722 	  0  	  0  	0.890	0.031	0.040	0.039	
 723 	  0  	  0  	0.903	0.029	0.035	0.033	
 724 	  0  	  0  	0.893	0.019	0.054	0.035	
 725 	  0  	  0  	0.845	0.054	0.077	0.023	
 726 	  0  	  0  	0.871	0.047	0.057	0.025	
 727 	  0  	  0  	0.880	0.054	0.043	0.023	
 728 	  0  	  0  	0.872	0.042	0.050	0.036	
 729 	  0  	  0  	0.825	0.040	0.096	0.039	
 730 	  0  	  0  	0.880	0.037	0.058	0.025	
 731 	  0  	  0  	0.846	0.017	0.108	0.029	
 732 	  0  	  0  	0.870	0.047	0.056	0.027	
 733 	  0  	  0  	0.864	0.049	0.050	0.038	
 734 	  0  	  0  	0.860	0.022	0.096	0.022	
 735 	  0  	  0  	0.889	0.032	0.058	0.020	
 736 	  0  	  0  	0.889	0.024	0.053	0.034	
 737 	  0  	  0  	0.794	0.042	0.130	0.034	
 738 	  0  	  0  	0.864	0.025	0.082	0.029	
 739 	  0  	  0  	0.851	0.029	0.097	0.023	
 740 	  0  	  0  	0.789	0.052	0.132	0.027	
 741 	  0  	  0  	0.836	0.033	0.104	0.027	
 742 	  0  	  0  	0.873	0.035	0.062	0.030	
 743 	  0  	  0  	0.880	0.039	0.061	0.020	
 744 	  0  	  0  	0.871	0.039	0.061	0.028	
 745 	  0  	  0  	0.954	0.017	0.017	0.012	
 746 	  0  	  0  	0.845	0.048	0.083	0.024	
 747 	  0  	  0  	0.867	0.036	0.071	0.027	
 748 	  0  	  0  	0.932	0.027	0.011	0.030	
 749 	  0  	  0  	0.889	0.018	0.069	0.024	
 750 	  0  	  0  	0.903	0.016	0.051	0.030	
 751 	  0  	  0  	0.907	0.027	0.028	0.038	
 752 	  0  	  0  	0.889	0.017	0.079	0.015	
 753 	  0  	  0  	0.889	0.018	0.069	0.024	
 754 	  0  	  0  	0.887	0.029	0.041	0.042	
 755 	  0  	  0  	0.920	0.023	0.041	0.015	
 756 	  0  	  0  	0.903	0.016	0.051	0.030	
 757 	  0  	  0  	0.889	0.022	0.052	0.037	
 758 	  0  	  0  	0.872	0.024	0.085	0.019	
 759 	  0  	  0  	0.926	0.027	0.023	0.024	
 760 	  0  	  0  	0.836	0.032	0.095	0.037	
 761 	  0  	  0  	0.904	0.034	0.042	0.020	
 762 	  0  	  0  	0.921	0.029	0.030	0.020	
 763 	  0  	  0  	0.977	0.009	0.005	0.009	
 764 	  0  	  0  	0.962	0.014	0.008	0.016	
 765 	  0  	  0  	0.784	0.043	0.143	0.029	
 766 	  0  	  0  	0.860	0.063	0.020	0.057	
 767 	  0  	  0  	0.764	0.046	0.154	0.036	
 768 	  0  	  0  	0.861	0.063	0.020	0.057	
 769 	  0  	  0  	0.917	0.030	0.034	0.018	
 770 	  0  	  0  	0.883	0.047	0.040	0.029	
 771 	  0  	  0  	0.977	0.009	0.005	0.009	
 772 	  0  	  0  	0.878	0.042	0.053	0.027	
 773 	  0  	  0  	0.962	0.014	0.008	0.016	
 774 	  0  	  0  	0.870	0.028	0.078	0.024	
 775 	  0  	  0  	0.858	0.032	0.084	0.026	
 776 	  0  	  0  	0.784	0.043	0.143	0.029	
 777 	  0  	  0  	0.860	0.063	0.020	0.057	
 778 	  0  	  0  	0.868	0.038	0.069	0.025	
 779 	  0  	  0  	0.764	0.046	0.154	0.036	
 780 	  0  	  0  	0.861	0.063	0.020	0.057	
 781 	  0  	  0  	0.878	0.024	0.075	0.024	
 782 	  0  	  0  	0.871	0.025	0.079	0.025	
 783 	  0  	  0  	0.884	0.051	0.033	0.032	
 784 	  0  	  0  	0.895	0.023	0.055	0.027	
 785 	  0  	  0  	0.862	0.024	0.091	0.022	
 786 	  0  	  0  	0.889	0.038	0.042	0.031	
 787 	  0  	  0  	0.874	0.040	0.037	0.049	
 788 	  0  	  0  	0.900	0.033	0.031	0.035	
 789 	  0  	  0  	0.846	0.027	0.097	0.031	
 790 	  0  	  0  	0.857	0.037	0.076	0.030	
 791 	  0  	  0  	0.883	0.031	0.055	0.030	
 792 	  0  	  0  	0.834	0.030	0.119	0.016	
 793 	  0  	  0  	0.906	0.025	0.043	0.026	
 794 	  3  	  0  	0.063	0.035	0.029	0.873	
 795 	  0  	  0  	0.871	0.035	0.052	0.042	
 796 	  0  	  0  	0.853	0.031	0.078	0.038	
 797 	  0  	  0  	0.952	0.009	0.023	0.016	
 798 	  0  	  0  	0.833	0.057	0.060	0.049	
 799 	  3  	  0  	0.340	0.081	0.034	0.544	
 800 	  0  	  0  	0.815	0.084	0.060	0.041	
 801 	  3  	  0  	0.326	0.077	0.033	0.564	
 802 	  0  	  0  	0.823	0.039	0.100	0.038	
 803 	  0  	  0  	0.924	0.014	0.034	0.028	
 804 	  0  	  0  	0.912	0.015	0.042	0.031	
 805 	  0  	  0  	0.902	0.024	0.042	0.032	
 806 	  0  	  0  	0.915	0.024	0.034	0.027	
 807 	  0  	  0  	0.946	0.016	0.015	0.023	
 808 	  0  	  0  	0.912	0.027	0.039	0.022	
 809 	  0  	  0  	0.912	0.025	0.042	0.021	
 810 	  0  	  0  	0.968	0.015	0.009	0.009	
 811 	  0  	  0  	0.844	0.027	0.098	0.030	
 812 	  0  	  0  	0.871	0.026	0.068	0.035	
 813 	  0  	  0  	0.902	0.015	0.073	0.009	
 814 	  0  	  0  	0.857	0.039	0.072	0.032	
 815 	  0  	  0  	0.837	0.022	0.092	0.049	
 816 	  0  	  0  	0.902	0.026	0.045	0.027	
 817 	  0  	  0  	0.848	0.023	0.112	0.018	
 818 	  0  	  0  	0.915	0.022	0.034	0.030	
 819 	  0  	  0  	0.916	0.025	0.031	0.028	
 820 	  0  	  0  	0.778	0.027	0.167	0.028	
 821 	  0  	  0  	0.896	0.025	0.049	0.031	
 822 	  0  	  0  	0.858	0.020	0.095	0.026	
 823 	  0  	  0  	0.906	0.016	0.054	0.024	
 824 	  0  	  0  	0.929	0.018	0.028	0.026	
 825 	  0  	  0  	0.913	0.020	0.038	0.029	
 826 	  0  	  0  	0.926	0.046	0.019	0.009	
 827 	  0  	  0  	0.872	0.034	0.064	0.029	
 828 	  0  	  0  	0.814	0.056	0.093	0.037	
 829 	  0  	  0  	0.900	0.050	0.011	0.039	
 830 	  0  	  0  	0.901	0.027	0.056	0.017	
 831 	  0  	  0  	0.882	0.036	0.058	0.024	
 832 	  0  	  0  	0.932	0.028	0.014	0.025	
 833 	  0  	  0  	0.869	0.028	0.069	0.033	
 834 	  0  	  0  	0.858	0.040	0.062	0.040	
 835 	  0  	  0  	0.819	0.049	0.101	0.031	
 836 	  0  	  0  	0.826	0.064	0.056	0.054	
 837 	  0  	  0  	0.804	0.033	0.124	0.039	
 838 	  0  	  0  	0.845	0.077	0.040	0.038	
 839 	  0  	  0  	0.888	0.027	0.048	0.036	
 840 	  0  	  0  	0.557	0.078	0.029	0.336	
 841 	  0  	  0  	0.835	0.041	0.089	0.034	
 842 	  0  	  0  	0.873	0.039	0.057	0.031	
 843 	  0  	  0  	0.850	0.099	0.036	0.015	
 844 	  0  	  0  	0.904	0.057	0.013	0.025	
 845 	  0  	  0  	0.837	0.089	0.059	0.015	
 846 	  0  	  0  	0.785	0.124	0.072	0.019	
 847 	  0  	  0  	0.763	0.136	0.072	0.030	
 848 	  0  	  0  	0.803	0.045	0.067	0.085	
 849 	  0  	  0  	0.763	0.136	0.071	0.030	
 850 	  0  	  0  	0.803	0.045	0.067	0.085	
 851 	  0  	  0  	0.522	0.337	0.091	0.051	
 852 	  0  	  0  	0.856	0.026	0.071	0.048	
 853 	  0  	  0  	0.778	0.122	0.083	0.018	
 854 	  0  	  0  	0.787	0.022	0.041	0.150	
