  no	pred	real	Good	Contact	Radius	Hole
  0  	  1  	  1  	0.015	0.931	0.023	0.031	
  1  	  1  	  1  	0.023	0.921	0.018	0.038	
  2  	  1  	  1  	0.012	0.864	0.043	0.081	
  3  	  1  	  1  	0.018	0.887	0.033	0.063	
  4  	  1  	  1  	0.015	0.931	0.023	0.031	
  5  	  1  	  1  	0.023	0.921	0.018	0.038	
  6  	  1  	  1  	0.025	0.887	0.047	0.041	
  7  	  1  	  1  	0.017	0.850	0.035	0.098	
  8  	  1  	  1  	0.015	0.909	0.037	0.039	
  9  	  1  	  1  	0.028	0.907	0.031	0.033	
 10  	  1  	  1  	0.034	0.705	0.207	0.054	
 11  	  1  	  1  	0.030	0.903	0.027	0.040	
 12  	  1  	  1  	0.024	0.912	0.030	0.034	
 13  	  1  	  1  	0.015	0.848	0.031	0.107	
 14  	  1  	  1  	0.021	0.837	0.062	0.081	
 15  	  1  	  1  	0.010	0.906	0.043	0.041	
 16  	  1  	  1  	0.014	0.886	0.028	0.072	
 17  	  1  	  1  	0.014	0.911	0.030	0.046	
 18  	  1  	  1  	0.023	0.854	0.029	0.094	
 19  	  1  	  1  	0.039	0.798	0.034	0.129	
 20  	  1  	  1  	0.010	0.865	0.029	0.097	
 21  	  1  	  1  	0.012	0.795	0.040	0.153	
 22  	  1  	  1  	0.017	0.847	0.035	0.102	
 23  	  1  	  1  	0.010	0.886	0.027	0.077	
 24  	  1  	  1  	0.013	0.902	0.040	0.045	
 25  	  1  	  1  	0.016	0.876	0.028	0.080	
 26  	  1  	  1  	0.015	0.873	0.033	0.079	
 27  	  1  	  1  	0.014	0.897	0.028	0.061	
 28  	  1  	  1  	0.018	0.779	0.049	0.153	
 29  	  1  	  1  	0.019	0.859	0.027	0.095	
 30  	  1  	  1  	0.020	0.894	0.025	0.060	
 31  	  1  	  1  	0.015	0.858	0.031	0.096	
 32  	  1  	  1  	0.017	0.877	0.024	0.081	
 33  	  1  	  1  	0.016	0.908	0.019	0.058	
 34  	  1  	  1  	0.015	0.853	0.041	0.091	
 35  	  1  	  1  	0.020	0.882	0.020	0.078	
 36  	  1  	  1  	0.018	0.874	0.026	0.082	
 37  	  1  	  1  	0.025	0.880	0.023	0.072	
 38  	  1  	  1  	0.015	0.900	0.028	0.057	
 39  	  1  	  1  	0.014	0.927	0.019	0.039	
 40  	  1  	  1  	0.010	0.927	0.022	0.041	
 41  	  1  	  1  	0.023	0.892	0.047	0.038	
 42  	  1  	  1  	0.024	0.880	0.024	0.072	
 43  	  1  	  1  	0.014	0.927	0.019	0.039	
 44  	  1  	  1  	0.010	0.927	0.022	0.041	
 45  	  1  	  1  	0.023	0.892	0.047	0.038	
 46  	  1  	  1  	0.026	0.874	0.023	0.077	
 47  	  1  	  1  	0.013	0.933	0.018	0.037	
 48  	  1  	  1  	0.011	0.911	0.025	0.053	
 49  	  1  	  1  	0.020	0.910	0.033	0.037	
 50  	  1  	  1  	0.016	0.941	0.014	0.030	
 51  	  1  	  1  	0.022	0.901	0.024	0.052	
 52  	  1  	  1  	0.016	0.927	0.022	0.035	
 53  	  1  	  1  	0.022	0.910	0.027	0.040	
 54  	  1  	  1  	0.022	0.901	0.024	0.052	
 55  	  1  	  1  	0.016	0.927	0.022	0.035	
 56  	  1  	  1  	0.022	0.910	0.027	0.040	
 57  	  1  	  1  	0.034	0.850	0.029	0.087	
 58  	  1  	  1  	0.014	0.920	0.023	0.042	
 59  	  1  	  1  	0.012	0.918	0.023	0.047	
 60  	  1  	  1  	0.023	0.872	0.034	0.071	
 61  	  1  	  1  	0.013	0.739	0.039	0.209	
 62  	  1  	  1  	0.006	0.933	0.025	0.037	
 63  	  1  	  1  	0.014	0.899	0.029	0.058	
 64  	  1  	  1  	0.013	0.739	0.039	0.209	
 65  	  1  	  1  	0.013	0.888	0.031	0.068	
 66  	  1  	  1  	0.025	0.809	0.029	0.137	
 67  	  1  	  1  	0.014	0.822	0.060	0.103	
 68  	  1  	  1  	0.023	0.856	0.025	0.096	
 69  	  1  	  1  	0.013	0.871	0.040	0.076	
 70  	  1  	  1  	0.013	0.911	0.023	0.053	
 71  	  1  	  1  	0.016	0.925	0.017	0.042	
 72  	  1  	  1  	0.025	0.851	0.036	0.088	
 73  	  1  	  1  	0.012	0.923	0.028	0.037	
 74  	  1  	  1  	0.014	0.903	0.024	0.059	
 75  	  1  	  1  	0.010	0.816	0.060	0.114	
 76  	  1  	  1  	0.027	0.879	0.033	0.062	
 77  	  1  	  1  	0.013	0.889	0.024	0.074	
 78  	  1  	  1  	0.012	0.830	0.040	0.118	
 79  	  1  	  1  	0.012	0.844	0.035	0.110	
 80  	  1  	  1  	0.011	0.874	0.033	0.082	
 81  	  1  	  1  	0.011	0.840	0.033	0.116	
 82  	  1  	  1  	0.010	0.915	0.029	0.046	
 83  	  1  	  1  	0.022	0.922	0.023	0.032	
 84  	  1  	  1  	0.016	0.881	0.022	0.081	
 85  	  1  	  1  	0.023	0.875	0.052	0.051	
 86  	  1  	  1  	0.011	0.907	0.032	0.050	
 87  	  1  	  1  	0.018	0.918	0.030	0.034	
 88  	  1  	  1  	0.012	0.878	0.023	0.087	
 89  	  1  	  1  	0.005	0.941	0.032	0.023	
 90  	  1  	  1  	0.018	0.886	0.030	0.066	
 91  	  1  	  1  	0.013	0.907	0.025	0.054	
 92  	  1  	  1  	0.017	0.918	0.022	0.044	
 93  	  1  	  1  	0.032	0.920	0.016	0.032	
 94  	  1  	  1  	0.017	0.932	0.020	0.030	
 95  	  1  	  1  	0.019	0.911	0.029	0.041	
 96  	  1  	  1  	0.016	0.923	0.026	0.035	
 97  	  1  	  1  	0.030	0.897	0.031	0.043	
 98  	  1  	  1  	0.027	0.836	0.051	0.086	
 99  	  1  	  1  	0.017	0.918	0.021	0.044	
 100 	  1  	  1  	0.031	0.909	0.019	0.041	
 101 	  1  	  1  	0.054	0.781	0.048	0.116	
 102 	  1  	  1  	0.015	0.881	0.035	0.069	
 103 	  1  	  1  	0.012	0.898	0.027	0.063	
 104 	  1  	  1  	0.014	0.873	0.048	0.065	
 105 	  1  	  1  	0.012	0.873	0.025	0.090	
 106 	  1  	  1  	0.010	0.884	0.037	0.069	
 107 	  1  	  1  	0.020	0.897	0.022	0.061	
 108 	  1  	  1  	0.014	0.828	0.037	0.121	
 109 	  1  	  1  	0.014	0.941	0.016	0.029	
 110 	  1  	  1  	0.016	0.930	0.019	0.034	
 111 	  1  	  1  	0.014	0.936	0.018	0.032	
 112 	  1  	  1  	0.172	0.759	0.024	0.046	
 113 	  1  	  1  	0.012	0.895	0.024	0.068	
 114 	  1  	  1  	0.013	0.900	0.024	0.063	
 115 	  1  	  1  	0.010	0.902	0.026	0.063	
 116 	  1  	  1  	0.014	0.525	0.040	0.421	
 117 	  1  	  1  	0.020	0.890	0.031	0.060	
 118 	  1  	  1  	0.029	0.911	0.021	0.039	
 119 	  1  	  1  	0.021	0.908	0.020	0.051	
 120 	  1  	  1  	0.011	0.925	0.021	0.043	
 121 	  1  	  1  	0.026	0.924	0.016	0.034	
 122 	  1  	  1  	0.023	0.905	0.028	0.043	
 123 	  1  	  1  	0.019	0.913	0.020	0.049	
 124 	  1  	  1  	0.011	0.920	0.022	0.047	
 125 	  1  	  1  	0.028	0.926	0.015	0.031	
 126 	  1  	  1  	0.028	0.903	0.021	0.047	
 127 	  1  	  1  	0.018	0.927	0.019	0.035	
 128 	  1  	  1  	0.009	0.926	0.022	0.043	
 129 	  1  	  1  	0.036	0.897	0.024	0.043	
 130 	  1  	  1  	0.010	0.897	0.031	0.062	
 131 	  1  	  1  	0.022	0.897	0.027	0.053	
 132 	  1  	  1  	0.013	0.896	0.025	0.066	
 133 	  1  	  1  	0.014	0.933	0.018	0.034	
 134 	  1  	  1  	0.010	0.950	0.015	0.025	
 135 	  1  	  1  	0.017	0.932	0.020	0.031	
 136 	  1  	  1  	0.026	0.909	0.024	0.041	
 137 	  1  	  1  	0.014	0.821	0.039	0.126	
 138 	  1  	  1  	0.012	0.935	0.018	0.035	
 139 	  1  	  1  	0.013	0.883	0.041	0.063	
 140 	  1  	  1  	0.013	0.879	0.033	0.075	
 141 	  1  	  1  	0.014	0.534	0.046	0.407	
 142 	  1  	  1  	0.044	0.877	0.030	0.049	
 143 	  3  	  1  	0.081	0.175	0.037	0.707	
 144 	  1  	  1  	0.087	0.821	0.031	0.061	
 145 	  1  	  1  	0.017	0.931	0.022	0.030	
 146 	  2  	  2  	0.027	0.073	0.795	0.105	
 147 	  2  	  2  	0.032	0.038	0.862	0.067	
 148 	  2  	  2  	0.029	0.307	0.572	0.092	
 149 	  2  	  2  	0.028	0.100	0.770	0.103	
 150 	  2  	  2  	0.034	0.062	0.842	0.062	
 151 	  2  	  2  	0.017	0.100	0.770	0.113	
 152 	  2  	  2  	0.032	0.049	0.767	0.153	
 153 	  2  	  2  	0.032	0.072	0.681	0.215	
 154 	  2  	  2  	0.026	0.076	0.776	0.122	
 155 	  2  	  2  	0.032	0.088	0.506	0.374	
 156 	  2  	  2  	0.023	0.226	0.530	0.221	
 157 	  2  	  2  	0.015	0.052	0.874	0.060	
 158 	  2  	  2  	0.033	0.070	0.763	0.134	
 159 	  2  	  2  	0.020	0.060	0.816	0.103	
 160 	  2  	  2  	0.028	0.157	0.650	0.164	
 161 	  2  	  2  	0.023	0.062	0.727	0.187	
 162 	  2  	  2  	0.022	0.046	0.874	0.059	
 163 	  2  	  2  	0.035	0.026	0.911	0.028	
 164 	  2  	  2  	0.027	0.072	0.839	0.062	
 165 	  2  	  2  	0.028	0.095	0.809	0.067	
 166 	  2  	  2  	0.039	0.065	0.847	0.050	
 167 	  2  	  2  	0.023	0.091	0.846	0.040	
 168 	  2  	  2  	0.117	0.055	0.646	0.182	
 169 	  2  	  2  	0.038	0.050	0.783	0.128	
 170 	  2  	  2  	0.023	0.055	0.780	0.143	
 171 	  2  	  2  	0.025	0.094	0.631	0.250	
 172 	  2  	  2  	0.040	0.057	0.751	0.152	
 173 	  2  	  2  	0.028	0.086	0.601	0.286	
 174 	  3  	  2  	0.033	0.050	0.384	0.533	
 175 	  2  	  2  	0.030	0.035	0.882	0.054	
 176 	  2  	  2  	0.030	0.054	0.590	0.326	
 177 	  2  	  2  	0.020	0.108	0.732	0.139	
 178 	  2  	  2  	0.027	0.068	0.599	0.305	
 179 	  2  	  2  	0.028	0.059	0.579	0.334	
 180 	  2  	  2  	0.037	0.062	0.527	0.374	
 181 	  2  	  2  	0.030	0.054	0.590	0.326	
 182 	  2  	  2  	0.019	0.116	0.754	0.111	
 183 	  2  	  2  	0.027	0.059	0.624	0.290	
 184 	  2  	  2  	0.028	0.059	0.512	0.400	
 185 	  2  	  2  	0.037	0.103	0.727	0.133	
 186 	  2  	  2  	0.068	0.066	0.748	0.117	
 187 	  2  	  2  	0.022	0.060	0.858	0.060	
 188 	  2  	  2  	0.041	0.062	0.815	0.081	
 189 	  2  	  2  	0.017	0.044	0.902	0.037	
 190 	  2  	  2  	0.062	0.153	0.730	0.055	
 191 	  2  	  2  	0.024	0.049	0.879	0.047	
 192 	  2  	  2  	0.038	0.078	0.821	0.062	
 193 	  2  	  2  	0.019	0.049	0.820	0.111	
 194 	  2  	  2  	0.031	0.054	0.802	0.113	
 195 	  2  	  2  	0.014	0.137	0.673	0.176	
 196 	  2  	  2  	0.026	0.097	0.715	0.162	
 197 	  2  	  2  	0.013	0.076	0.841	0.070	
 198 	  2  	  2  	0.022	0.089	0.674	0.215	
 199 	  2  	  2  	0.015	0.119	0.634	0.232	
 200 	  2  	  2  	0.018	0.068	0.804	0.110	
 201 	  2  	  2  	0.019	0.184	0.612	0.185	
 202 	  2  	  2  	0.019	0.057	0.827	0.097	
 203 	  2  	  2  	0.018	0.068	0.804	0.110	
 204 	  2  	  2  	0.027	0.052	0.817	0.104	
 205 	  2  	  2  	0.035	0.059	0.755	0.151	
 206 	  2  	  2  	0.041	0.064	0.703	0.192	
 207 	  2  	  2  	0.028	0.055	0.810	0.107	
 208 	  2  	  2  	0.033	0.087	0.615	0.265	
 209 	  2  	  2  	0.036	0.094	0.630	0.239	
 210 	  2  	  2  	0.025	0.073	0.669	0.233	
 211 	  2  	  2  	0.037	0.059	0.659	0.245	
 212 	  2  	  2  	0.040	0.055	0.719	0.186	
 213 	  2  	  2  	0.031	0.042	0.785	0.142	
 214 	  2  	  2  	0.030	0.061	0.791	0.119	
 215 	  2  	  2  	0.030	0.086	0.639	0.244	
 216 	  2  	  2  	0.032	0.061	0.749	0.158	
 217 	  2  	  2  	0.030	0.086	0.639	0.244	
 218 	  2  	  2  	0.032	0.061	0.749	0.158	
 219 	  2  	  2  	0.037	0.062	0.654	0.248	
 220 	  2  	  2  	0.031	0.110	0.718	0.141	
 221 	  2  	  2  	0.015	0.146	0.665	0.174	
 222 	  2  	  2  	0.026	0.045	0.803	0.126	
 223 	  2  	  2  	0.019	0.216	0.490	0.275	
 224 	  2  	  2  	0.031	0.108	0.720	0.141	
 225 	  2  	  2  	0.026	0.045	0.803	0.126	
 226 	  3  	  2  	0.019	0.175	0.349	0.456	
 227 	  2  	  2  	0.026	0.039	0.867	0.069	
 228 	  2  	  2  	0.046	0.055	0.791	0.108	
 229 	  2  	  2  	0.023	0.119	0.598	0.260	
 230 	  2  	  2  	0.021	0.043	0.848	0.089	
 231 	  2  	  2  	0.021	0.043	0.848	0.089	
 232 	  2  	  2  	0.046	0.055	0.791	0.108	
 233 	  2  	  2  	0.022	0.102	0.739	0.138	
 234 	  2  	  2  	0.029	0.095	0.808	0.068	
 235 	  2  	  2  	0.016	0.058	0.856	0.071	
 236 	  2  	  2  	0.040	0.121	0.776	0.063	
 237 	  2  	  2  	0.042	0.191	0.640	0.126	
 238 	  2  	  2  	0.023	0.049	0.865	0.063	
 239 	  3  	  2  	0.020	0.164	0.363	0.453	
 240 	  2  	  2  	0.029	0.064	0.803	0.104	
 241 	  2  	  2  	0.025	0.094	0.540	0.341	
 242 	  2  	  2  	0.040	0.044	0.837	0.079	
 243 	  2  	  2  	0.035	0.069	0.664	0.232	
 244 	  2  	  2  	0.025	0.049	0.835	0.092	
 245 	  2  	  2  	0.057	0.086	0.778	0.080	
 246 	  2  	  2  	0.028	0.096	0.747	0.129	
 247 	  2  	  2  	0.034	0.055	0.770	0.141	
 248 	  2  	  2  	0.047	0.106	0.707	0.140	
 249 	  2  	  2  	0.032	0.073	0.709	0.186	
 250 	  2  	  2  	0.022	0.069	0.837	0.073	
 251 	  2  	  2  	0.113	0.045	0.763	0.078	
 252 	  2  	  2  	0.021	0.043	0.891	0.044	
 253 	  2  	  2  	0.047	0.080	0.756	0.116	
 254 	  2  	  2  	0.065	0.053	0.607	0.275	
 255 	  2  	  2  	0.018	0.147	0.661	0.175	
 256 	  2  	  2  	0.020	0.067	0.848	0.065	
 257 	  2  	  2  	0.037	0.193	0.558	0.212	
 258 	  2  	  2  	0.034	0.071	0.772	0.124	
 259 	  2  	  2  	0.030	0.065	0.809	0.097	
 260 	  2  	  2  	0.024	0.041	0.891	0.044	
 261 	  3  	  3  	0.021	0.022	0.034	0.923	
 262 	  3  	  3  	0.019	0.022	0.029	0.931	
 263 	  3  	  3  	0.011	0.025	0.012	0.952	
 264 	  3  	  3  	0.011	0.016	0.019	0.954	
 265 	  3  	  3  	0.018	0.040	0.020	0.922	
 266 	  3  	  3  	0.008	0.023	0.012	0.957	
 267 	  3  	  3  	0.015	0.043	0.016	0.926	
 268 	  3  	  3  	0.019	0.062	0.027	0.892	
 269 	  3  	  3  	0.008	0.021	0.011	0.960	
 270 	  3  	  3  	0.011	0.018	0.026	0.946	
 271 	  3  	  3  	0.016	0.044	0.020	0.921	
 272 	  3  	  3  	0.014	0.045	0.023	0.918	
 273 	  3  	  3  	0.009	0.014	0.010	0.967	
 274 	  3  	  3  	0.015	0.035	0.017	0.933	
 275 	  3  	  3  	0.010	0.033	0.016	0.942	
 276 	  3  	  3  	0.009	0.014	0.015	0.962	
 277 	  3  	  3  	0.014	0.029	0.013	0.943	
 278 	  3  	  3  	0.012	0.037	0.018	0.934	
 279 	  3  	  3  	0.010	0.017	0.024	0.949	
 280 	  3  	  3  	0.022	0.030	0.016	0.933	
 281 	  3  	  3  	0.024	0.033	0.022	0.922	
 282 	  3  	  3  	0.007	0.012	0.008	0.973	
 283 	  3  	  3  	0.017	0.055	0.019	0.909	
 284 	  3  	  3  	0.010	0.030	0.014	0.945	
 285 	  3  	  3  	0.010	0.094	0.038	0.858	
 286 	  3  	  3  	0.031	0.092	0.025	0.853	
 287 	  3  	  3  	0.107	0.013	0.023	0.858	
 288 	  3  	  3  	0.011	0.020	0.015	0.954	
 289 	  3  	  3  	0.013	0.036	0.021	0.929	
 290 	  3  	  3  	0.036	0.061	0.022	0.882	
 291 	  3  	  3  	0.014	0.021	0.018	0.948	
 292 	  3  	  3  	0.011	0.029	0.018	0.942	
 293 	  3  	  3  	0.012	0.025	0.017	0.946	
 294 	  3  	  3  	0.012	0.040	0.023	0.924	
 295 	  3  	  3  	0.011	0.050	0.023	0.915	
 296 	  3  	  3  	0.014	0.027	0.014	0.945	
 297 	  3  	  3  	0.016	0.031	0.017	0.936	
 298 	  3  	  3  	0.012	0.037	0.019	0.932	
 299 	  3  	  3  	0.011	0.036	0.022	0.931	
 300 	  3  	  3  	0.026	0.035	0.017	0.922	
 301 	  3  	  3  	0.005	0.021	0.019	0.955	
 302 	  3  	  3  	0.014	0.043	0.025	0.918	
 303 	  3  	  3  	0.011	0.039	0.020	0.929	
 304 	  3  	  3  	0.012	0.032	0.014	0.943	
 305 	  3  	  3  	0.016	0.031	0.018	0.935	
 306 	  3  	  3  	0.011	0.042	0.021	0.927	
 307 	  3  	  3  	0.012	0.038	0.020	0.931	
 308 	  3  	  3  	0.009	0.031	0.014	0.945	
 309 	  3  	  3  	0.018	0.034	0.020	0.929	
 310 	  3  	  3  	0.017	0.044	0.022	0.917	
 311 	  3  	  3  	0.015	0.047	0.024	0.914	
 312 	  3  	  3  	0.010	0.035	0.018	0.938	
 313 	  3  	  3  	0.012	0.022	0.017	0.949	
 314 	  3  	  3  	0.011	0.035	0.022	0.932	
 315 	  3  	  3  	0.011	0.037	0.017	0.935	
 316 	  3  	  3  	0.014	0.037	0.023	0.927	
 317 	  3  	  3  	0.012	0.054	0.021	0.914	
 318 	  3  	  3  	0.009	0.045	0.022	0.924	
 319 	  3  	  3  	0.009	0.011	0.012	0.968	
 320 	  3  	  3  	0.011	0.037	0.014	0.937	
 321 	  3  	  3  	0.010	0.034	0.018	0.937	
 322 	  3  	  3  	0.009	0.045	0.021	0.925	
 323 	  3  	  3  	0.011	0.011	0.013	0.965	
 324 	  3  	  3  	0.013	0.020	0.025	0.943	
 325 	  3  	  3  	0.008	0.057	0.020	0.915	
 326 	  3  	  3  	0.012	0.024	0.014	0.949	
 327 	  3  	  3  	0.015	0.018	0.028	0.939	
 328 	  3  	  3  	0.011	0.024	0.013	0.952	
 329 	  3  	  3  	0.011	0.033	0.017	0.939	
 330 	  3  	  3  	0.011	0.043	0.016	0.930	
 331 	  3  	  3  	0.008	0.022	0.017	0.953	
 332 	  3  	  3  	0.013	0.030	0.017	0.940	
 333 	  3  	  3  	0.014	0.031	0.021	0.934	
 334 	  3  	  3  	0.015	0.042	0.031	0.912	
 335 	  3  	  3  	0.009	0.031	0.019	0.941	
 336 	  3  	  3  	0.014	0.029	0.021	0.935	
 337 	  3  	  3  	0.010	0.032	0.014	0.945	
 338 	  3  	  3  	0.011	0.036	0.021	0.931	
 339 	  3  	  3  	0.007	0.020	0.018	0.955	
 340 	  3  	  3  	0.013	0.032	0.016	0.939	
 341 	  3  	  3  	0.013	0.035	0.021	0.931	
 342 	  3  	  3  	0.013	0.068	0.017	0.902	
 343 	  3  	  3  	0.009	0.033	0.015	0.943	
 344 	  3  	  3  	0.018	0.043	0.021	0.918	
 345 	  3  	  3  	0.010	0.023	0.013	0.953	
 346 	  3  	  3  	0.012	0.031	0.015	0.942	
 347 	  3  	  3  	0.016	0.034	0.019	0.931	
 348 	  3  	  3  	0.011	0.032	0.018	0.940	
 349 	  3  	  3  	0.014	0.032	0.019	0.935	
 350 	  3  	  3  	0.012	0.022	0.022	0.944	
 351 	  3  	  3  	0.014	0.015	0.017	0.954	
 352 	  3  	  3  	0.016	0.029	0.018	0.937	
 353 	  3  	  3  	0.012	0.044	0.017	0.926	
 354 	  3  	  3  	0.013	0.031	0.018	0.938	
 355 	  3  	  3  	0.015	0.028	0.018	0.939	
 356 	  3  	  3  	0.014	0.038	0.018	0.931	
 357 	  3  	  3  	0.008	0.035	0.017	0.940	
 358 	  3  	  3  	0.006	0.031	0.014	0.949	
 359 	  3  	  3  	0.008	0.026	0.018	0.947	
 360 	  3  	  3  	0.021	0.029	0.021	0.929	
 361 	  3  	  3  	0.015	0.025	0.012	0.948	
 362 	  3  	  3  	0.017	0.031	0.016	0.936	
 363 	  3  	  3  	0.023	0.025	0.020	0.933	
 364 	  3  	  3  	0.015	0.025	0.012	0.948	
 365 	  3  	  3  	0.015	0.061	0.023	0.901	
 366 	  3  	  3  	0.015	0.023	0.015	0.947	
 367 	  3  	  3  	0.010	0.026	0.012	0.951	
 368 	  3  	  3  	0.017	0.030	0.018	0.935	
 369 	  3  	  3  	0.014	0.027	0.017	0.941	
 370 	  3  	  3  	0.015	0.061	0.023	0.901	
 371 	  3  	  3  	0.015	0.023	0.015	0.947	
 372 	  3  	  3  	0.017	0.031	0.016	0.936	
 373 	  3  	  3  	0.023	0.025	0.020	0.933	
 374 	  3  	  3  	0.015	0.025	0.012	0.948	
 375 	  3  	  3  	0.015	0.026	0.015	0.944	
 376 	  3  	  3  	0.021	0.026	0.020	0.933	
 377 	  3  	  3  	0.013	0.038	0.023	0.925	
 378 	  3  	  3  	0.012	0.036	0.015	0.937	
 379 	  3  	  3  	0.014	0.038	0.018	0.930	
 380 	  3  	  3  	0.014	0.038	0.023	0.925	
 381 	  3  	  3  	0.013	0.046	0.020	0.921	
 382 	  3  	  3  	0.018	0.032	0.017	0.933	
 383 	  3  	  3  	0.012	0.042	0.017	0.929	
 384 	  3  	  3  	0.009	0.037	0.018	0.936	
 385 	  3  	  3  	0.016	0.029	0.018	0.937	
 386 	  3  	  3  	0.012	0.044	0.017	0.926	
 387 	  3  	  3  	0.013	0.031	0.018	0.938	
 388 	  3  	  3  	0.018	0.033	0.017	0.932	
 389 	  3  	  3  	0.011	0.036	0.013	0.940	
 390 	  3  	  3  	0.015	0.028	0.020	0.937	
 391 	  3  	  3  	0.018	0.028	0.015	0.939	
 392 	  3  	  3  	0.012	0.046	0.016	0.926	
 393 	  3  	  3  	0.010	0.032	0.019	0.939	
 394 	  3  	  3  	0.020	0.034	0.017	0.930	
 395 	  3  	  3  	0.010	0.043	0.015	0.932	
 396 	  3  	  3  	0.007	0.035	0.026	0.932	
 397 	  3  	  3  	0.019	0.029	0.016	0.936	
 398 	  3  	  3  	0.012	0.044	0.016	0.929	
 399 	  3  	  3  	0.009	0.056	0.031	0.904	
 400 	  3  	  3  	0.018	0.030	0.017	0.936	
 401 	  3  	  3  	0.010	0.042	0.016	0.933	
 402 	  3  	  3  	0.013	0.038	0.023	0.926	
 403 	  3  	  3  	0.015	0.028	0.018	0.939	
 404 	  3  	  3  	0.014	0.038	0.018	0.931	
 405 	  3  	  3  	0.008	0.035	0.017	0.940	
 406 	  3  	  3  	0.010	0.015	0.027	0.948	
 407 	  3  	  3  	0.010	0.014	0.026	0.950	
 408 	  3  	  3  	0.010	0.015	0.027	0.948	
 409 	  3  	  3  	0.013	0.053	0.019	0.914	
 410 	  3  	  3  	0.010	0.015	0.027	0.948	
 411 	  3  	  3  	0.015	0.031	0.020	0.934	
 412 	  3  	  3  	0.017	0.031	0.017	0.936	
 413 	  3  	  3  	0.012	0.029	0.013	0.945	
 414 	  3  	  3  	0.015	0.036	0.019	0.930	
 415 	  3  	  3  	0.017	0.038	0.020	0.925	
 416 	  3  	  3  	0.011	0.028	0.016	0.945	
 417 	  3  	  3  	0.013	0.046	0.020	0.921	
 418 	  3  	  3  	0.017	0.032	0.021	0.930	
 419 	  3  	  3  	0.009	0.029	0.013	0.949	
 420 	  3  	  3  	0.013	0.038	0.020	0.928	
 421 	  3  	  3  	0.018	0.030	0.021	0.930	
 422 	  3  	  3  	0.012	0.027	0.016	0.945	
 423 	  3  	  3  	0.014	0.035	0.020	0.931	
 424 	  3  	  3  	0.007	0.021	0.015	0.956	
 425 	  3  	  3  	0.014	0.027	0.015	0.944	
 426 	  3  	  3  	0.010	0.029	0.018	0.943	
 427 	  3  	  3  	0.012	0.029	0.015	0.944	
 428 	  3  	  3  	0.011	0.020	0.023	0.946	
 429 	  3  	  3  	0.022	0.028	0.020	0.930	
 430 	  3  	  3  	0.010	0.026	0.023	0.941	
 431 	  3  	  3  	0.003	0.006	0.007	0.984	
 432 	  3  	  3  	0.003	0.007	0.008	0.982	
 433 	  3  	  3  	0.011	0.014	0.021	0.955	
 434 	  3  	  3  	0.010	0.013	0.019	0.958	
 435 	  3  	  3  	0.011	0.014	0.021	0.955	
 436 	  3  	  3  	0.010	0.013	0.019	0.958	
 437 	  3  	  3  	0.048	0.008	0.019	0.924	
 438 	  3  	  3  	0.051	0.009	0.020	0.921	
 439 	  3  	  3  	0.018	0.052	0.021	0.910	
 440 	  3  	  3  	0.009	0.042	0.019	0.929	
 441 	  3  	  3  	0.017	0.038	0.018	0.927	
 442 	  3  	  3  	0.015	0.071	0.022	0.891	
 443 	  3  	  3  	0.013	0.053	0.030	0.904	
 444 	  3  	  3  	0.012	0.025	0.014	0.949	
 445 	  3  	  3  	0.015	0.072	0.020	0.892	
 446 	  3  	  3  	0.011	0.041	0.019	0.930	
 447 	  3  	  3  	0.011	0.029	0.014	0.946	
 448 	  3  	  3  	0.015	0.048	0.023	0.913	
 449 	  3  	  3  	0.008	0.036	0.015	0.941	
 450 	  3  	  3  	0.011	0.029	0.014	0.946	
 451 	  3  	  3  	0.015	0.048	0.023	0.913	
 452 	  3  	  3  	0.008	0.036	0.015	0.941	
 453 	  3  	  3  	0.012	0.025	0.014	0.949	
 454 	  3  	  3  	0.015	0.072	0.020	0.892	
 455 	  3  	  3  	0.011	0.041	0.019	0.930	
 456 	  3  	  3  	0.022	0.037	0.020	0.922	
 457 	  3  	  3  	0.018	0.033	0.019	0.930	
 458 	  3  	  3  	0.014	0.023	0.022	0.940	
 459 	  3  	  3  	0.013	0.018	0.009	0.959	
 460 	  3  	  3  	0.008	0.043	0.013	0.937	
 461 	  3  	  3  	0.009	0.031	0.016	0.943	
 462 	  3  	  3  	0.028	0.023	0.030	0.919	
 463 	  3  	  3  	0.018	0.017	0.009	0.956	
 464 	  3  	  3  	0.007	0.040	0.012	0.942	
 465 	  3  	  3  	0.009	0.025	0.019	0.947	
 466 	  3  	  3  	0.014	0.020	0.026	0.939	
 467 	  3  	  3  	0.012	0.029	0.022	0.937	
 468 	  3  	  3  	0.013	0.023	0.017	0.947	
 469 	  3  	  3  	0.010	0.040	0.017	0.933	
 470 	  3  	  3  	0.012	0.065	0.022	0.902	
 471 	  3  	  3  	0.026	0.221	0.035	0.718	
 472 	  3  	  3  	0.009	0.048	0.020	0.923	
 473 	  3  	  3  	0.016	0.033	0.017	0.934	
 474 	  3  	  3  	0.021	0.082	0.021	0.876	
 475 	  3  	  3  	0.017	0.024	0.020	0.940	
 476 	  3  	  3  	0.010	0.033	0.013	0.944	
 477 	  3  	  3  	0.010	0.073	0.033	0.884	
 478 	  3  	  3  	0.013	0.022	0.015	0.949	
 479 	  3  	  3  	0.017	0.023	0.018	0.941	
 480 	  3  	  3  	0.015	0.032	0.022	0.931	
 481 	  3  	  3  	0.015	0.076	0.021	0.888	
 482 	  3  	  3  	0.014	0.050	0.019	0.918	
 483 	  3  	  3  	0.021	0.106	0.025	0.848	
 484 	  3  	  3  	0.015	0.026	0.016	0.943	
 485 	  3  	  3  	0.013	0.040	0.016	0.931	
 486 	  3  	  3  	0.013	0.020	0.016	0.951	
 487 	  3  	  3  	0.011	0.042	0.023	0.924	
 488 	  3  	  3  	0.014	0.030	0.022	0.934	
 489 	  3  	  3  	0.016	0.019	0.020	0.945	
 490 	  3  	  3  	0.010	0.029	0.014	0.947	
 491 	  3  	  3  	0.008	0.031	0.012	0.949	
 492 	  3  	  3  	0.009	0.051	0.020	0.920	
 493 	  3  	  3  	0.098	0.009	0.016	0.877	
 494 	  3  	  3  	0.012	0.031	0.016	0.940	
 495 	  3  	  3  	0.013	0.057	0.026	0.904	
 496 	  3  	  3  	0.012	0.052	0.015	0.921	
 497 	  3  	  3  	0.041	0.006	0.010	0.942	
 498 	  3  	  3  	0.020	0.038	0.024	0.918	
 499 	  3  	  3  	0.014	0.032	0.018	0.936	
 500 	  3  	  3  	0.014	0.029	0.017	0.940	
 501 	  3  	  3  	0.017	0.023	0.016	0.944	
 502 	  3  	  3  	0.012	0.040	0.014	0.934	
 503 	  3  	  3  	0.038	0.095	0.024	0.843	
 504 	  3  	  3  	0.010	0.026	0.014	0.950	
 505 	  3  	  3  	0.020	0.037	0.015	0.928	
 506 	  3  	  3  	0.029	0.077	0.020	0.874	
 507 	  3  	  3  	0.009	0.029	0.015	0.948	
 508 	  3  	  3  	0.009	0.035	0.016	0.941	
 509 	  3  	  3  	0.016	0.024	0.027	0.933	
 510 	  3  	  3  	0.009	0.022	0.012	0.957	
 511 	  3  	  3  	0.008	0.056	0.021	0.915	
 512 	  3  	  3  	0.012	0.027	0.016	0.945	
 513 	  3  	  3  	0.047	0.009	0.019	0.924	
 514 	  3  	  3  	0.011	0.056	0.017	0.916	
 515 	  3  	  3  	0.160	0.045	0.019	0.775	
 516 	  3  	  3  	0.007	0.037	0.012	0.944	
 517 	  3  	  3  	0.012	0.029	0.012	0.948	
 518 	  3  	  3  	0.251	0.053	0.023	0.673	
 519 	  3  	  3  	0.013	0.057	0.016	0.914	
 520 	  3  	  3  	0.020	0.039	0.017	0.924	
 521 	  3  	  3  	0.335	0.080	0.029	0.556	
 522 	  3  	  3  	0.008	0.036	0.012	0.944	
 523 	  3  	  3  	0.011	0.056	0.017	0.916	
 524 	  3  	  3  	0.218	0.036	0.020	0.726	
 525 	  3  	  3  	0.007	0.037	0.012	0.944	
 526 	  3  	  3  	0.012	0.046	0.016	0.926	
 527 	  3  	  3  	0.342	0.050	0.027	0.580	
 528 	  3  	  3  	0.008	0.039	0.013	0.939	
 529 	  3  	  3  	0.012	0.046	0.016	0.926	
 530 	  3  	  3  	0.341	0.050	0.027	0.582	
 531 	  3  	  3  	0.008	0.039	0.013	0.939	
 532 	  3  	  3  	0.026	0.040	0.017	0.917	
 533 	  3  	  3  	0.340	0.035	0.023	0.602	
 534 	  3  	  3  	0.008	0.038	0.013	0.940	
 535 	  3  	  3  	0.011	0.032	0.012	0.945	
 536 	  3  	  3  	0.384	0.045	0.029	0.542	
 537 	  0  	  3  	0.438	0.376	0.041	0.145	
 538 	  3  	  3  	0.011	0.146	0.021	0.822	
 539 	  0  	  0  	0.953	0.022	0.008	0.017	
 540 	  0  	  0  	0.917	0.026	0.017	0.040	
 541 	  0  	  0  	0.937	0.019	0.014	0.030	
 542 	  0  	  0  	0.895	0.014	0.016	0.074	
 543 	  0  	  0  	0.925	0.013	0.016	0.046	
 544 	  0  	  0  	0.953	0.022	0.008	0.017	
 545 	  0  	  0  	0.917	0.026	0.017	0.040	
 546 	  0  	  0  	0.937	0.019	0.014	0.030	
 547 	  0  	  0  	0.934	0.017	0.016	0.033	
 548 	  0  	  0  	0.844	0.014	0.023	0.119	
 549 	  0  	  0  	0.696	0.135	0.031	0.138	
 550 	  0  	  0  	0.788	0.123	0.019	0.069	
 551 	  0  	  0  	0.748	0.098	0.028	0.127	
 552 	  0  	  0  	0.920	0.023	0.018	0.039	
 553 	  0  	  0  	0.910	0.018	0.015	0.056	
 554 	  0  	  0  	0.964	0.014	0.007	0.015	
 555 	  0  	  0  	0.909	0.017	0.018	0.057	
 556 	  0  	  0  	0.894	0.016	0.018	0.072	
 557 	  0  	  0  	0.781	0.026	0.019	0.175	
 558 	  0  	  0  	0.876	0.031	0.014	0.079	
 559 	  0  	  0  	0.904	0.016	0.016	0.064	
 560 	  0  	  0  	0.892	0.028	0.015	0.065	
 561 	  0  	  0  	0.900	0.028	0.013	0.060	
 562 	  0  	  0  	0.896	0.020	0.010	0.074	
 563 	  0  	  0  	0.861	0.026	0.011	0.102	
 564 	  0  	  0  	0.919	0.017	0.014	0.050	
 565 	  0  	  0  	0.852	0.020	0.012	0.116	
 566 	  0  	  0  	0.837	0.032	0.023	0.108	
 567 	  0  	  0  	0.824	0.043	0.013	0.119	
 568 	  0  	  0  	0.906	0.043	0.021	0.030	
 569 	  0  	  0  	0.942	0.019	0.015	0.024	
 570 	  0  	  0  	0.969	0.008	0.007	0.015	
 571 	  0  	  0  	0.469	0.048	0.034	0.448	
 572 	  0  	  0  	0.923	0.018	0.017	0.042	
 573 	  0  	  0  	0.917	0.031	0.016	0.036	
 574 	  0  	  0  	0.936	0.021	0.017	0.025	
 575 	  0  	  0  	0.967	0.014	0.008	0.011	
 576 	  0  	  0  	0.876	0.027	0.022	0.076	
 577 	  0  	  0  	0.937	0.018	0.015	0.030	
 578 	  0  	  0  	0.968	0.010	0.009	0.013	
 579 	  0  	  0  	0.900	0.042	0.013	0.045	
 580 	  0  	  0  	0.847	0.056	0.016	0.081	
 581 	  0  	  0  	0.899	0.035	0.013	0.053	
 582 	  0  	  0  	0.895	0.040	0.013	0.052	
 583 	  0  	  0  	0.887	0.047	0.012	0.053	
 584 	  0  	  0  	0.883	0.049	0.014	0.054	
 585 	  0  	  0  	0.936	0.019	0.008	0.037	
 586 	  0  	  0  	0.863	0.025	0.012	0.100	
 587 	  0  	  0  	0.805	0.060	0.021	0.114	
 588 	  0  	  0  	0.882	0.027	0.010	0.081	
 589 	  0  	  0  	0.846	0.039	0.026	0.090	
 590 	  0  	  0  	0.880	0.028	0.011	0.081	
 591 	  0  	  0  	0.917	0.036	0.012	0.035	
 592 	  0  	  0  	0.906	0.040	0.013	0.041	
 593 	  0  	  0  	0.936	0.028	0.009	0.027	
 594 	  0  	  0  	0.909	0.036	0.014	0.042	
 595 	  0  	  0  	0.906	0.037	0.013	0.044	
 596 	  0  	  0  	0.880	0.037	0.015	0.068	
 597 	  0  	  0  	0.902	0.037	0.013	0.049	
 598 	  0  	  0  	0.816	0.088	0.022	0.074	
 599 	  0  	  0  	0.901	0.057	0.011	0.031	
 600 	  0  	  0  	0.886	0.034	0.015	0.066	
 601 	  0  	  0  	0.611	0.081	0.037	0.272	
 602 	  0  	  0  	0.924	0.031	0.015	0.029	
 603 	  0  	  0  	0.950	0.023	0.009	0.017	
 604 	  0  	  0  	0.898	0.019	0.014	0.069	
 605 	  0  	  0  	0.854	0.020	0.016	0.111	
 606 	  0  	  0  	0.923	0.025	0.017	0.034	
 607 	  0  	  0  	0.884	0.041	0.012	0.063	
 608 	  0  	  0  	0.880	0.042	0.012	0.066	
 609 	  0  	  0  	0.957	0.010	0.012	0.021	
 610 	  0  	  0  	0.941	0.019	0.014	0.026	
 611 	  0  	  0  	0.943	0.018	0.013	0.027	
 612 	  0  	  0  	0.944	0.017	0.013	0.026	
 613 	  0  	  0  	0.947	0.014	0.011	0.027	
 614 	  0  	  0  	0.947	0.013	0.009	0.030	
 615 	  0  	  0  	0.928	0.028	0.011	0.033	
 616 	  0  	  0  	0.840	0.090	0.023	0.048	
 617 	  0  	  0  	0.846	0.071	0.019	0.064	
 618 	  0  	  0  	0.768	0.067	0.024	0.141	
 619 	  0  	  0  	0.887	0.033	0.014	0.066	
 620 	  0  	  0  	0.751	0.025	0.040	0.183	
 621 	  0  	  0  	0.865	0.023	0.014	0.098	
 622 	  0  	  0  	0.845	0.030	0.017	0.109	
 623 	  0  	  0  	0.887	0.028	0.014	0.072	
 624 	  0  	  0  	0.861	0.034	0.013	0.093	
 625 	  0  	  0  	0.910	0.023	0.014	0.053	
 626 	  0  	  0  	0.896	0.030	0.014	0.061	
 627 	  0  	  0  	0.864	0.045	0.014	0.078	
 628 	  0  	  0  	0.838	0.043	0.016	0.103	
 629 	  0  	  0  	0.913	0.024	0.012	0.051	
 630 	  0  	  0  	0.900	0.035	0.012	0.053	
 631 	  0  	  0  	0.730	0.132	0.030	0.108	
 632 	  0  	  0  	0.834	0.042	0.018	0.105	
 633 	  0  	  0  	0.751	0.117	0.025	0.107	
 634 	  0  	  0  	0.876	0.030	0.015	0.079	
 635 	  0  	  0  	0.767	0.098	0.022	0.113	
 636 	  0  	  0  	0.839	0.057	0.015	0.089	
 637 	  0  	  0  	0.899	0.028	0.011	0.062	
 638 	  0  	  0  	0.876	0.016	0.031	0.077	
 639 	  0  	  0  	0.922	0.022	0.012	0.044	
 640 	  0  	  0  	0.939	0.006	0.032	0.023	
 641 	  0  	  0  	0.910	0.036	0.014	0.041	
 642 	  0  	  0  	0.916	0.013	0.025	0.047	
 643 	  0  	  0  	0.523	0.032	0.037	0.408	
 644 	  0  	  0  	0.901	0.038	0.018	0.043	
 645 	  0  	  0  	0.912	0.025	0.021	0.042	
 646 	  0  	  0  	0.892	0.058	0.022	0.028	
 647 	  0  	  0  	0.846	0.069	0.021	0.064	
 648 	  0  	  0  	0.853	0.068	0.021	0.059	
 649 	  0  	  0  	0.890	0.024	0.025	0.061	
 650 	  0  	  0  	0.888	0.045	0.018	0.049	
 651 	  0  	  0  	0.890	0.053	0.016	0.041	
 652 	  0  	  0  	0.902	0.019	0.020	0.058	
 653 	  0  	  0  	0.794	0.055	0.029	0.121	
 654 	  0  	  0  	0.869	0.034	0.016	0.081	
 655 	  0  	  0  	0.710	0.057	0.032	0.201	
 656 	  0  	  0  	0.769	0.053	0.033	0.145	
 657 	  0  	  0  	0.831	0.052	0.026	0.091	
 658 	  0  	  0  	0.763	0.056	0.030	0.151	
 659 	  0  	  0  	0.932	0.035	0.012	0.020	
 660 	  0  	  0  	0.919	0.027	0.018	0.037	
 661 	  0  	  0  	0.934	0.030	0.012	0.024	
 662 	  0  	  0  	0.894	0.069	0.016	0.021	
 663 	  0  	  0  	0.855	0.072	0.021	0.052	
 664 	  0  	  0  	0.922	0.032	0.013	0.032	
 665 	  0  	  0  	0.893	0.032	0.018	0.056	
 666 	  0  	  0  	0.907	0.032	0.013	0.048	
 667 	  0  	  0  	0.872	0.037	0.018	0.073	
 668 	  0  	  0  	0.908	0.026	0.014	0.052	
 669 	  0  	  0  	0.922	0.024	0.012	0.042	
 670 	  0  	  0  	0.907	0.028	0.016	0.049	
 671 	  0  	  0  	0.921	0.030	0.013	0.037	
 672 	  0  	  0  	0.930	0.026	0.011	0.032	
 673 	  0  	  0  	0.689	0.103	0.017	0.191	
 674 	  0  	  0  	0.862	0.043	0.017	0.077	
 675 	  0  	  0  	0.842	0.019	0.020	0.119	
 676 	  0  	  0  	0.830	0.051	0.022	0.098	
 677 	  0  	  0  	0.900	0.015	0.016	0.069	
 678 	  0  	  0  	0.846	0.019	0.018	0.118	
 679 	  0  	  0  	0.767	0.016	0.027	0.190	
 680 	  0  	  0  	0.694	0.022	0.018	0.265	
 681 	  0  	  0  	0.864	0.061	0.019	0.056	
 682 	  0  	  0  	0.898	0.022	0.014	0.066	
 683 	  0  	  0  	0.882	0.045	0.018	0.055	
 684 	  0  	  0  	0.893	0.024	0.018	0.066	
 685 	  0  	  0  	0.888	0.053	0.015	0.044	
 686 	  0  	  0  	0.778	0.042	0.029	0.150	
 687 	  0  	  0  	0.837	0.027	0.027	0.109	
 688 	  0  	  0  	0.720	0.073	0.030	0.176	
 689 	  0  	  0  	0.794	0.055	0.029	0.121	
 690 	  0  	  0  	0.869	0.034	0.016	0.081	
 691 	  0  	  0  	0.710	0.057	0.032	0.201	
 692 	  0  	  0  	0.916	0.045	0.010	0.030	
 693 	  0  	  0  	0.861	0.054	0.018	0.067	
 694 	  0  	  0  	0.908	0.034	0.016	0.042	
 695 	  0  	  0  	0.906	0.062	0.013	0.019	
 696 	  0  	  0  	0.870	0.060	0.013	0.057	
 697 	  0  	  0  	0.913	0.035	0.014	0.038	
 698 	  0  	  0  	0.753	0.067	0.032	0.149	
 699 	  0  	  0  	0.881	0.035	0.018	0.066	
 700 	  0  	  0  	0.751	0.062	0.026	0.161	
 701 	  0  	  0  	0.771	0.053	0.033	0.144	
 702 	  0  	  0  	0.831	0.052	0.026	0.091	
 703 	  0  	  0  	0.763	0.056	0.030	0.151	
 704 	  0  	  0  	0.965	0.010	0.009	0.017	
 705 	  0  	  0  	0.889	0.055	0.020	0.035	
 706 	  0  	  0  	0.885	0.037	0.017	0.062	
 707 	  0  	  0  	0.880	0.042	0.021	0.057	
 708 	  0  	  0  	0.881	0.058	0.021	0.041	
 709 	  0  	  0  	0.879	0.039	0.017	0.064	
 710 	  0  	  0  	0.939	0.016	0.019	0.026	
 711 	  0  	  0  	0.904	0.029	0.016	0.051	
 712 	  0  	  0  	0.965	0.010	0.009	0.017	
 713 	  0  	  0  	0.916	0.042	0.014	0.028	
 714 	  0  	  0  	0.965	0.009	0.010	0.016	
 715 	  0  	  0  	0.875	0.017	0.028	0.080	
 716 	  0  	  0  	0.880	0.056	0.017	0.047	
 717 	  0  	  0  	0.912	0.017	0.013	0.058	
 718 	  0  	  0  	0.809	0.036	0.017	0.138	
 719 	  0  	  0  	0.724	0.015	0.022	0.240	
 720 	  0  	  0  	0.879	0.022	0.013	0.086	
 721 	  0  	  0  	0.867	0.031	0.018	0.084	
 722 	  0  	  0  	0.875	0.025	0.013	0.087	
 723 	  0  	  0  	0.846	0.031	0.016	0.107	
 724 	  0  	  0  	0.837	0.023	0.016	0.124	
 725 	  0  	  0  	0.859	0.067	0.017	0.056	
 726 	  0  	  0  	0.894	0.061	0.013	0.032	
 727 	  0  	  0  	0.850	0.047	0.020	0.083	
 728 	  0  	  0  	0.877	0.027	0.022	0.074	
 729 	  0  	  0  	0.726	0.056	0.031	0.187	
 730 	  0  	  0  	0.865	0.033	0.023	0.080	
 731 	  0  	  0  	0.935	0.018	0.013	0.034	
 732 	  0  	  0  	0.793	0.056	0.024	0.127	
 733 	  0  	  0  	0.920	0.029	0.016	0.035	
 734 	  0  	  0  	0.854	0.051	0.018	0.077	
 735 	  0  	  0  	0.854	0.095	0.011	0.039	
 736 	  0  	  0  	0.879	0.051	0.024	0.046	
 737 	  0  	  0  	0.798	0.063	0.021	0.118	
 738 	  0  	  0  	0.789	0.037	0.021	0.154	
 739 	  0  	  0  	0.917	0.033	0.024	0.026	
 740 	  0  	  0  	0.758	0.122	0.022	0.097	
 741 	  0  	  0  	0.813	0.034	0.016	0.138	
 742 	  0  	  0  	0.920	0.029	0.015	0.036	
 743 	  0  	  0  	0.803	0.084	0.025	0.089	
 744 	  0  	  0  	0.886	0.028	0.017	0.069	
 745 	  0  	  0  	0.943	0.025	0.017	0.016	
 746 	  0  	  0  	0.818	0.086	0.027	0.068	
 747 	  0  	  0  	0.870	0.028	0.019	0.083	
 748 	  0  	  0  	0.925	0.034	0.017	0.024	
 749 	  0  	  0  	0.884	0.029	0.016	0.071	
 750 	  0  	  0  	0.895	0.033	0.016	0.056	
 751 	  0  	  0  	0.939	0.023	0.011	0.027	
 752 	  0  	  0  	0.924	0.024	0.017	0.035	
 753 	  0  	  0  	0.884	0.029	0.016	0.071	
 754 	  0  	  0  	0.932	0.020	0.010	0.038	
 755 	  0  	  0  	0.958	0.014	0.012	0.015	
 756 	  0  	  0  	0.895	0.033	0.016	0.056	
 757 	  0  	  0  	0.885	0.035	0.018	0.062	
 758 	  0  	  0  	0.896	0.053	0.012	0.038	
 759 	  0  	  0  	0.937	0.027	0.010	0.026	
 760 	  0  	  0  	0.954	0.012	0.010	0.024	
 761 	  0  	  0  	0.930	0.034	0.011	0.025	
 762 	  0  	  0  	0.935	0.028	0.009	0.028	
 763 	  0  	  0  	0.955	0.016	0.009	0.020	
 764 	  0  	  0  	0.958	0.009	0.006	0.026	
 765 	  0  	  0  	0.913	0.029	0.018	0.040	
 766 	  0  	  0  	0.946	0.018	0.013	0.023	
 767 	  0  	  0  	0.899	0.038	0.016	0.047	
 768 	  0  	  0  	0.945	0.018	0.013	0.024	
 769 	  0  	  0  	0.916	0.052	0.010	0.023	
 770 	  0  	  0  	0.868	0.072	0.011	0.049	
 771 	  0  	  0  	0.955	0.016	0.009	0.020	
 772 	  0  	  0  	0.876	0.071	0.011	0.042	
 773 	  0  	  0  	0.958	0.009	0.006	0.026	
 774 	  0  	  0  	0.912	0.027	0.016	0.045	
 775 	  0  	  0  	0.904	0.030	0.020	0.045	
 776 	  0  	  0  	0.913	0.029	0.018	0.040	
 777 	  0  	  0  	0.946	0.018	0.013	0.023	
 778 	  0  	  0  	0.883	0.036	0.024	0.057	
 779 	  0  	  0  	0.899	0.038	0.016	0.047	
 780 	  0  	  0  	0.945	0.018	0.013	0.024	
 781 	  0  	  0  	0.889	0.031	0.024	0.057	
 782 	  0  	  0  	0.911	0.022	0.016	0.050	
 783 	  0  	  0  	0.737	0.034	0.022	0.207	
 784 	  0  	  0  	0.844	0.053	0.028	0.075	
 785 	  0  	  0  	0.925	0.021	0.018	0.036	
 786 	  0  	  0  	0.722	0.065	0.022	0.192	
 787 	  0  	  0  	0.587	0.091	0.017	0.305	
 788 	  0  	  0  	0.627	0.069	0.015	0.288	
 789 	  0  	  0  	0.891	0.046	0.018	0.045	
 790 	  0  	  0  	0.914	0.030	0.015	0.042	
 791 	  0  	  0  	0.892	0.045	0.012	0.050	
 792 	  0  	  0  	0.914	0.019	0.014	0.053	
 793 	  0  	  0  	0.961	0.013	0.012	0.015	
 794 	  0  	  0  	0.927	0.009	0.022	0.042	
 795 	  0  	  0  	0.491	0.151	0.043	0.316	
 796 	  0  	  0  	0.802	0.080	0.014	0.104	
 797 	  0  	  0  	0.790	0.024	0.029	0.158	
 798 	  0  	  0  	0.847	0.066	0.018	0.069	
 799 	  3  	  0  	0.440	0.029	0.033	0.498	
 800 	  0  	  0  	0.862	0.053	0.017	0.068	
 801 	  0  	  0  	0.476	0.028	0.032	0.464	
 802 	  0  	  0  	0.831	0.078	0.013	0.078	
 803 	  0  	  0  	0.890	0.015	0.016	0.078	
 804 	  0  	  0  	0.912	0.015	0.019	0.053	
 805 	  0  	  0  	0.921	0.022	0.022	0.035	
 806 	  0  	  0  	0.908	0.025	0.012	0.056	
 807 	  0  	  0  	0.925	0.036	0.018	0.021	
 808 	  0  	  0  	0.778	0.045	0.026	0.151	
 809 	  0  	  0  	0.926	0.017	0.015	0.042	
 810 	  0  	  0  	0.964	0.016	0.008	0.011	
 811 	  0  	  0  	0.906	0.024	0.015	0.055	
 812 	  0  	  0  	0.907	0.035	0.016	0.042	
 813 	  0  	  0  	0.741	0.127	0.025	0.106	
 814 	  0  	  0  	0.852	0.057	0.014	0.077	
 815 	  0  	  0  	0.862	0.018	0.019	0.102	
 816 	  0  	  0  	0.904	0.025	0.022	0.049	
 817 	  0  	  0  	0.908	0.022	0.014	0.057	
 818 	  0  	  0  	0.951	0.014	0.018	0.018	
 819 	  0  	  0  	0.919	0.032	0.012	0.038	
 820 	  0  	  0  	0.762	0.074	0.015	0.149	
 821 	  0  	  0  	0.837	0.059	0.019	0.086	
 822 	  0  	  0  	0.713	0.094	0.017	0.176	
 823 	  0  	  0  	0.842	0.059	0.016	0.083	
 824 	  0  	  0  	0.907	0.017	0.014	0.063	
 825 	  0  	  0  	0.919	0.011	0.016	0.054	
 826 	  0  	  0  	0.875	0.084	0.015	0.026	
 827 	  0  	  0  	0.837	0.071	0.015	0.077	
 828 	  0  	  0  	0.867	0.044	0.016	0.073	
 829 	  0  	  0  	0.955	0.014	0.009	0.022	
 830 	  0  	  0  	0.826	0.053	0.029	0.092	
 831 	  0  	  0  	0.943	0.014	0.016	0.028	
 832 	  0  	  0  	0.936	0.019	0.010	0.034	
 833 	  0  	  0  	0.915	0.023	0.014	0.048	
 834 	  0  	  0  	0.891	0.039	0.016	0.053	
 835 	  0  	  0  	0.825	0.081	0.026	0.068	
 836 	  0  	  0  	0.849	0.058	0.019	0.073	
 837 	  0  	  0  	0.836	0.050	0.023	0.091	
 838 	  0  	  0  	0.805	0.073	0.024	0.099	
 839 	  0  	  0  	0.912	0.027	0.010	0.050	
 840 	  3  	  0  	0.334	0.027	0.029	0.610	
 841 	  0  	  0  	0.890	0.042	0.013	0.054	
 842 	  0  	  0  	0.650	0.233	0.034	0.084	
 843 	  0  	  0  	0.826	0.110	0.032	0.032	
 844 	  0  	  0  	0.795	0.136	0.015	0.054	
 845 	  0  	  0  	0.829	0.106	0.032	0.032	
 846 	  0  	  0  	0.819	0.124	0.026	0.032	
 847 	  0  	  0  	0.571	0.356	0.029	0.045	
 848 	  0  	  0  	0.850	0.021	0.019	0.110	
 849 	  0  	  0  	0.571	0.356	0.029	0.045	
 850 	  0  	  0  	0.849	0.021	0.019	0.111	
 851 	  0  	  0  	0.659	0.252	0.034	0.056	
 852 	  0  	  0  	0.896	0.015	0.017	0.072	
 853 	  0  	  0  	0.837	0.092	0.044	0.027	
 854 	  3  	  0  	0.201	0.045	0.030	0.724	
