  no	pred	real	Good	Contact	Radius	Hole
  0  	  1  	  1  	0.011	0.953	0.016	0.020	
  1  	  1  	  1  	0.030	0.937	0.012	0.020	
  2  	  1  	  1  	0.011	0.953	0.014	0.022	
  3  	  1  	  1  	0.036	0.920	0.014	0.030	
  4  	  1  	  1  	0.011	0.953	0.016	0.020	
  5  	  1  	  1  	0.030	0.937	0.012	0.020	
  6  	  1  	  1  	0.029	0.938	0.017	0.017	
  7  	  1  	  1  	0.016	0.956	0.014	0.014	
  8  	  1  	  1  	0.014	0.943	0.021	0.021	
  9  	  1  	  1  	0.032	0.912	0.034	0.022	
 10  	  1  	  1  	0.020	0.923	0.038	0.019	
 11  	  1  	  1  	0.038	0.896	0.045	0.020	
 12  	  1  	  1  	0.030	0.938	0.016	0.016	
 13  	  1  	  1  	0.008	0.960	0.016	0.016	
 14  	  1  	  1  	0.007	0.948	0.027	0.018	
 15  	  1  	  1  	0.015	0.955	0.017	0.012	
 16  	  1  	  1  	0.040	0.896	0.043	0.020	
 17  	  1  	  1  	0.012	0.950	0.026	0.012	
 18  	  1  	  1  	0.061	0.866	0.030	0.043	
 19  	  1  	  1  	0.051	0.886	0.036	0.027	
 20  	  1  	  1  	0.014	0.948	0.021	0.016	
 21  	  1  	  1  	0.012	0.953	0.023	0.011	
 22  	  1  	  1  	0.018	0.935	0.025	0.022	
 23  	  1  	  1  	0.017	0.942	0.025	0.016	
 24  	  1  	  1  	0.004	0.958	0.021	0.017	
 25  	  1  	  1  	0.018	0.937	0.028	0.017	
 26  	  1  	  1  	0.018	0.945	0.022	0.016	
 27  	  1  	  1  	0.014	0.954	0.017	0.016	
 28  	  1  	  1  	0.029	0.926	0.024	0.021	
 29  	  1  	  1  	0.012	0.951	0.025	0.012	
 30  	  1  	  1  	0.022	0.939	0.019	0.020	
 31  	  1  	  1  	0.022	0.946	0.017	0.015	
 32  	  1  	  1  	0.013	0.947	0.025	0.015	
 33  	  1  	  1  	0.023	0.952	0.010	0.016	
 34  	  1  	  1  	0.010	0.966	0.014	0.010	
 35  	  1  	  1  	0.019	0.944	0.018	0.019	
 36  	  1  	  1  	0.017	0.953	0.014	0.016	
 37  	  1  	  1  	0.019	0.939	0.016	0.026	
 38  	  1  	  1  	0.013	0.944	0.022	0.021	
 39  	  1  	  1  	0.018	0.930	0.018	0.034	
 40  	  1  	  1  	0.009	0.960	0.017	0.014	
 41  	  1  	  1  	0.008	0.953	0.017	0.023	
 42  	  1  	  1  	0.019	0.939	0.016	0.026	
 43  	  1  	  1  	0.018	0.930	0.018	0.034	
 44  	  1  	  1  	0.009	0.960	0.017	0.014	
 45  	  1  	  1  	0.008	0.953	0.017	0.023	
 46  	  1  	  1  	0.015	0.942	0.019	0.024	
 47  	  1  	  1  	0.016	0.929	0.022	0.033	
 48  	  1  	  1  	0.011	0.960	0.017	0.012	
 49  	  1  	  1  	0.009	0.944	0.020	0.026	
 50  	  1  	  1  	0.024	0.943	0.016	0.017	
 51  	  1  	  1  	0.022	0.922	0.025	0.030	
 52  	  1  	  1  	0.025	0.941	0.014	0.020	
 53  	  1  	  1  	0.009	0.934	0.027	0.030	
 54  	  1  	  1  	0.022	0.922	0.025	0.030	
 55  	  1  	  1  	0.025	0.941	0.014	0.020	
 56  	  1  	  1  	0.009	0.934	0.027	0.030	
 57  	  1  	  1  	0.036	0.909	0.019	0.036	
 58  	  1  	  1  	0.019	0.923	0.025	0.033	
 59  	  1  	  1  	0.010	0.965	0.014	0.011	
 60  	  1  	  1  	0.013	0.935	0.028	0.025	
 61  	  1  	  1  	0.019	0.946	0.018	0.017	
 62  	  1  	  1  	0.021	0.928	0.031	0.020	
 63  	  1  	  1  	0.024	0.943	0.021	0.011	
 64  	  1  	  1  	0.019	0.946	0.018	0.017	
 65  	  1  	  1  	0.019	0.954	0.016	0.011	
 66  	  1  	  1  	0.031	0.891	0.042	0.037	
 67  	  1  	  1  	0.015	0.927	0.027	0.031	
 68  	  1  	  1  	0.035	0.896	0.035	0.034	
 69  	  1  	  1  	0.008	0.934	0.029	0.029	
 70  	  1  	  1  	0.020	0.930	0.021	0.029	
 71  	  1  	  1  	0.013	0.944	0.022	0.020	
 72  	  1  	  1  	0.008	0.964	0.016	0.012	
 73  	  1  	  1  	0.014	0.940	0.029	0.018	
 74  	  1  	  1  	0.010	0.966	0.015	0.009	
 75  	  1  	  1  	0.011	0.885	0.056	0.048	
 76  	  1  	  1  	0.006	0.972	0.014	0.008	
 77  	  1  	  1  	0.009	0.966	0.016	0.009	
 78  	  1  	  1  	0.006	0.961	0.016	0.017	
 79  	  1  	  1  	0.009	0.961	0.016	0.014	
 80  	  1  	  1  	0.010	0.957	0.017	0.016	
 81  	  1  	  1  	0.007	0.961	0.017	0.015	
 82  	  1  	  1  	0.023	0.881	0.067	0.030	
 83  	  1  	  1  	0.033	0.928	0.017	0.021	
 84  	  1  	  1  	0.020	0.913	0.040	0.026	
 85  	  1  	  1  	0.009	0.967	0.011	0.013	
 86  	  1  	  1  	0.022	0.901	0.054	0.024	
 87  	  1  	  1  	0.030	0.933	0.017	0.020	
 88  	  1  	  1  	0.012	0.943	0.026	0.020	
 89  	  1  	  1  	0.011	0.954	0.021	0.015	
 90  	  1  	  1  	0.027	0.929	0.017	0.027	
 91  	  1  	  1  	0.007	0.966	0.016	0.011	
 92  	  1  	  1  	0.018	0.926	0.026	0.030	
 93  	  1  	  1  	0.046	0.923	0.015	0.016	
 94  	  1  	  1  	0.017	0.955	0.014	0.015	
 95  	  1  	  1  	0.024	0.906	0.033	0.037	
 96  	  1  	  1  	0.025	0.927	0.022	0.027	
 97  	  1  	  1  	0.014	0.922	0.037	0.028	
 98  	  1  	  1  	0.042	0.894	0.029	0.035	
 99  	  1  	  1  	0.016	0.925	0.028	0.032	
 100 	  1  	  1  	0.029	0.940	0.015	0.015	
 101 	  1  	  1  	0.011	0.961	0.015	0.012	
 102 	  1  	  1  	0.035	0.892	0.034	0.038	
 103 	  1  	  1  	0.012	0.938	0.027	0.023	
 104 	  1  	  1  	0.006	0.957	0.028	0.010	
 105 	  1  	  1  	0.014	0.950	0.020	0.017	
 106 	  1  	  1  	0.009	0.957	0.016	0.017	
 107 	  1  	  1  	0.029	0.909	0.019	0.044	
 108 	  1  	  1  	0.016	0.945	0.026	0.013	
 109 	  1  	  1  	0.022	0.939	0.020	0.019	
 110 	  1  	  1  	0.020	0.934	0.024	0.022	
 111 	  1  	  1  	0.030	0.928	0.015	0.027	
 112 	  1  	  1  	0.016	0.936	0.026	0.022	
 113 	  1  	  1  	0.013	0.922	0.034	0.030	
 114 	  1  	  1  	0.016	0.925	0.041	0.018	
 115 	  1  	  1  	0.010	0.956	0.023	0.012	
 116 	  1  	  1  	0.039	0.813	0.049	0.099	
 117 	  1  	  1  	0.013	0.936	0.027	0.023	
 118 	  1  	  1  	0.029	0.921	0.020	0.030	
 119 	  1  	  1  	0.017	0.939	0.017	0.027	
 120 	  1  	  1  	0.010	0.956	0.019	0.015	
 121 	  1  	  1  	0.015	0.944	0.016	0.024	
 122 	  1  	  1  	0.034	0.918	0.017	0.031	
 123 	  1  	  1  	0.022	0.928	0.020	0.030	
 124 	  1  	  1  	0.008	0.967	0.014	0.011	
 125 	  1  	  1  	0.018	0.935	0.020	0.027	
 126 	  1  	  1  	0.007	0.956	0.017	0.020	
 127 	  1  	  1  	0.019	0.942	0.015	0.023	
 128 	  1  	  1  	0.007	0.970	0.013	0.010	
 129 	  1  	  1  	0.005	0.964	0.018	0.013	
 130 	  1  	  1  	0.010	0.957	0.016	0.017	
 131 	  1  	  1  	0.050	0.911	0.013	0.025	
 132 	  1  	  1  	0.009	0.945	0.023	0.022	
 133 	  1  	  1  	0.045	0.903	0.026	0.026	
 134 	  1  	  1  	0.017	0.946	0.012	0.024	
 135 	  1  	  1  	0.022	0.926	0.024	0.027	
 136 	  1  	  1  	0.009	0.941	0.030	0.021	
 137 	  1  	  1  	0.019	0.941	0.028	0.012	
 138 	  1  	  1  	0.010	0.958	0.015	0.017	
 139 	  1  	  1  	0.024	0.929	0.029	0.018	
 140 	  1  	  1  	0.013	0.942	0.027	0.017	
 141 	  1  	  1  	0.038	0.830	0.063	0.069	
 142 	  1  	  1  	0.172	0.783	0.031	0.014	
 143 	  1  	  1  	0.339	0.550	0.048	0.062	
 144 	  1  	  1  	0.373	0.577	0.036	0.014	
 145 	  1  	  1  	0.234	0.722	0.029	0.015	
 146 	  2  	  2  	0.052	0.140	0.767	0.041	
 147 	  2  	  2  	0.017	0.204	0.738	0.040	
 148 	  1  	  2  	0.016	0.584	0.354	0.046	
 149 	  2  	  2  	0.017	0.270	0.671	0.042	
 150 	  2  	  2  	0.022	0.125	0.812	0.041	
 151 	  1  	  2  	0.117	0.544	0.298	0.041	
 152 	  2  	  2  	0.040	0.156	0.754	0.050	
 153 	  2  	  2  	0.018	0.417	0.523	0.042	
 154 	  2  	  2  	0.023	0.136	0.817	0.024	
 155 	  2  	  2  	0.017	0.336	0.609	0.039	
 156 	  2  	  2  	0.017	0.299	0.633	0.051	
 157 	  2  	  2  	0.024	0.043	0.909	0.024	
 158 	  2  	  2  	0.036	0.092	0.813	0.060	
 159 	  2  	  2  	0.033	0.151	0.775	0.041	
 160 	  2  	  2  	0.019	0.158	0.787	0.036	
 161 	  2  	  2  	0.019	0.234	0.702	0.046	
 162 	  2  	  2  	0.029	0.156	0.778	0.037	
 163 	  2  	  2  	0.033	0.183	0.760	0.025	
 164 	  2  	  2  	0.031	0.391	0.522	0.056	
 165 	  2  	  2  	0.027	0.049	0.887	0.036	
 166 	  2  	  2  	0.058	0.091	0.812	0.039	
 167 	  2  	  2  	0.034	0.056	0.888	0.022	
 168 	  2  	  2  	0.056	0.092	0.797	0.055	
 169 	  2  	  2  	0.029	0.090	0.838	0.042	
 170 	  2  	  2  	0.024	0.125	0.796	0.054	
 171 	  2  	  2  	0.029	0.204	0.713	0.055	
 172 	  2  	  2  	0.025	0.077	0.832	0.066	
 173 	  2  	  2  	0.044	0.186	0.708	0.062	
 174 	  2  	  2  	0.016	0.057	0.881	0.046	
 175 	  2  	  2  	0.047	0.060	0.866	0.027	
 176 	  2  	  2  	0.022	0.072	0.859	0.046	
 177 	  2  	  2  	0.085	0.059	0.807	0.049	
 178 	  2  	  2  	0.013	0.113	0.839	0.035	
 179 	  2  	  2  	0.013	0.096	0.847	0.044	
 180 	  2  	  2  	0.015	0.062	0.888	0.034	
 181 	  2  	  2  	0.022	0.072	0.859	0.046	
 182 	  2  	  2  	0.024	0.144	0.781	0.051	
 183 	  2  	  2  	0.013	0.099	0.850	0.038	
 184 	  2  	  2  	0.013	0.078	0.872	0.037	
 185 	  2  	  2  	0.043	0.104	0.804	0.049	
 186 	  2  	  2  	0.074	0.179	0.692	0.054	
 187 	  2  	  2  	0.013	0.108	0.845	0.033	
 188 	  2  	  2  	0.038	0.106	0.818	0.038	
 189 	  2  	  2  	0.025	0.073	0.874	0.028	
 190 	  2  	  2  	0.073	0.119	0.782	0.026	
 191 	  2  	  2  	0.111	0.115	0.732	0.042	
 192 	  2  	  2  	0.172	0.192	0.593	0.043	
 193 	  2  	  2  	0.039	0.336	0.569	0.056	
 194 	  2  	  2  	0.031	0.249	0.661	0.059	
 195 	  2  	  2  	0.047	0.172	0.727	0.054	
 196 	  2  	  2  	0.057	0.106	0.792	0.045	
 197 	  2  	  2  	0.026	0.059	0.883	0.033	
 198 	  2  	  2  	0.028	0.281	0.623	0.067	
 199 	  2  	  2  	0.036	0.139	0.790	0.035	
 200 	  2  	  2  	0.049	0.138	0.779	0.035	
 201 	  2  	  2  	0.038	0.170	0.736	0.056	
 202 	  2  	  2  	0.133	0.178	0.651	0.039	
 203 	  2  	  2  	0.049	0.138	0.779	0.035	
 204 	  2  	  2  	0.049	0.131	0.784	0.036	
 205 	  2  	  2  	0.018	0.058	0.899	0.025	
 206 	  2  	  2  	0.038	0.079	0.848	0.035	
 207 	  2  	  2  	0.026	0.068	0.873	0.033	
 208 	  2  	  2  	0.027	0.056	0.891	0.026	
 209 	  2  	  2  	0.023	0.037	0.910	0.030	
 210 	  1  	  2  	0.022	0.478	0.450	0.050	
 211 	  2  	  2  	0.022	0.399	0.516	0.062	
 212 	  2  	  2  	0.025	0.141	0.787	0.047	
 213 	  2  	  2  	0.024	0.313	0.609	0.054	
 214 	  2  	  2  	0.082	0.293	0.567	0.058	
 215 	  1  	  2  	0.056	0.478	0.410	0.056	
 216 	  2  	  2  	0.010	0.046	0.912	0.033	
 217 	  1  	  2  	0.056	0.478	0.410	0.056	
 218 	  2  	  2  	0.010	0.046	0.912	0.033	
 219 	  2  	  2  	0.036	0.430	0.453	0.081	
 220 	  2  	  2  	0.025	0.161	0.745	0.069	
 221 	  2  	  2  	0.015	0.247	0.696	0.042	
 222 	  2  	  2  	0.015	0.109	0.831	0.044	
 223 	  2  	  2  	0.013	0.250	0.694	0.043	
 224 	  2  	  2  	0.025	0.159	0.747	0.069	
 225 	  2  	  2  	0.015	0.109	0.831	0.044	
 226 	  1  	  2  	0.019	0.582	0.330	0.068	
 227 	  2  	  2  	0.017	0.233	0.715	0.036	
 228 	  2  	  2  	0.030	0.076	0.859	0.036	
 229 	  2  	  2  	0.021	0.452	0.491	0.036	
 230 	  2  	  2  	0.033	0.032	0.901	0.034	
 231 	  2  	  2  	0.033	0.032	0.901	0.034	
 232 	  2  	  2  	0.030	0.076	0.859	0.036	
 233 	  2  	  2  	0.040	0.055	0.872	0.033	
 234 	  2  	  2  	0.056	0.392	0.490	0.061	
 235 	  2  	  2  	0.012	0.069	0.890	0.028	
 236 	  2  	  2  	0.039	0.222	0.690	0.049	
 237 	  2  	  2  	0.148	0.094	0.713	0.046	
 238 	  2  	  2  	0.014	0.094	0.855	0.037	
 239 	  2  	  2  	0.031	0.392	0.516	0.061	
 240 	  2  	  2  	0.068	0.170	0.709	0.054	
 241 	  2  	  2  	0.047	0.328	0.563	0.062	
 242 	  2  	  2  	0.059	0.188	0.693	0.059	
 243 	  2  	  2  	0.038	0.445	0.464	0.053	
 244 	  2  	  2  	0.048	0.154	0.763	0.035	
 245 	  2  	  2  	0.041	0.098	0.822	0.039	
 246 	  1  	  2  	0.041	0.566	0.354	0.040	
 247 	  2  	  2  	0.018	0.194	0.751	0.037	
 248 	  1  	  2  	0.020	0.471	0.460	0.049	
 249 	  1  	  2  	0.037	0.523	0.387	0.054	
 250 	  2  	  2  	0.063	0.122	0.771	0.045	
 251 	  2  	  2  	0.053	0.142	0.763	0.041	
 252 	  2  	  2  	0.022	0.120	0.825	0.033	
 253 	  2  	  2  	0.053	0.130	0.778	0.039	
 254 	  2  	  2  	0.037	0.135	0.756	0.072	
 255 	  2  	  2  	0.033	0.057	0.873	0.036	
 256 	  2  	  2  	0.028	0.097	0.850	0.025	
 257 	  2  	  2  	0.055	0.221	0.690	0.034	
 258 	  2  	  2  	0.042	0.145	0.744	0.069	
 259 	  2  	  2  	0.068	0.107	0.794	0.030	
 260 	  2  	  2  	0.063	0.101	0.798	0.038	
 261 	  3  	  3  	0.073	0.157	0.064	0.706	
 262 	  3  	  3  	0.035	0.147	0.062	0.756	
 263 	  3  	  3  	0.043	0.164	0.062	0.731	
 264 	  3  	  3  	0.031	0.081	0.041	0.846	
 265 	  3  	  3  	0.063	0.078	0.053	0.806	
 266 	  3  	  3  	0.024	0.080	0.032	0.864	
 267 	  3  	  3  	0.079	0.425	0.056	0.440	
 268 	  3  	  3  	0.077	0.164	0.068	0.691	
 269 	  3  	  3  	0.083	0.136	0.058	0.723	
 270 	  3  	  3  	0.020	0.090	0.041	0.848	
 271 	  3  	  3  	0.025	0.233	0.064	0.677	
 272 	  3  	  3  	0.029	0.135	0.048	0.788	
 273 	  3  	  3  	0.043	0.061	0.026	0.870	
 274 	  3  	  3  	0.048	0.171	0.085	0.697	
 275 	  3  	  3  	0.027	0.131	0.049	0.792	
 276 	  3  	  3  	0.030	0.078	0.039	0.853	
 277 	  3  	  3  	0.039	0.138	0.048	0.776	
 278 	  3  	  3  	0.026	0.084	0.042	0.848	
 279 	  3  	  3  	0.020	0.116	0.046	0.818	
 280 	  3  	  3  	0.044	0.135	0.054	0.767	
 281 	  3  	  3  	0.046	0.174	0.070	0.709	
 282 	  3  	  3  	0.027	0.052	0.024	0.897	
 283 	  3  	  3  	0.091	0.214	0.051	0.645	
 284 	  3  	  3  	0.133	0.098	0.048	0.721	
 285 	  3  	  3  	0.106	0.306	0.071	0.517	
 286 	  3  	  3  	0.079	0.138	0.048	0.736	
 287 	  0  	  3  	0.698	0.029	0.033	0.240	
 288 	  3  	  3  	0.080	0.286	0.083	0.551	
 289 	  3  	  3  	0.108	0.187	0.064	0.641	
 290 	  3  	  3  	0.052	0.267	0.053	0.628	
 291 	  3  	  3  	0.027	0.093	0.028	0.851	
 292 	  3  	  3  	0.020	0.221	0.072	0.687	
 293 	  3  	  3  	0.038	0.176	0.072	0.714	
 294 	  3  	  3  	0.031	0.201	0.034	0.734	
 295 	  3  	  3  	0.027	0.311	0.048	0.614	
 296 	  3  	  3  	0.034	0.291	0.058	0.617	
 297 	  3  	  3  	0.108	0.106	0.048	0.738	
 298 	  3  	  3  	0.022	0.182	0.034	0.761	
 299 	  3  	  3  	0.026	0.208	0.066	0.700	
 300 	  3  	  3  	0.199	0.276	0.047	0.478	
 301 	  3  	  3  	0.032	0.264	0.031	0.673	
 302 	  3  	  3  	0.027	0.335	0.029	0.609	
 303 	  3  	  3  	0.028	0.247	0.053	0.672	
 304 	  3  	  3  	0.018	0.318	0.135	0.529	
 305 	  3  	  3  	0.049	0.154	0.054	0.743	
 306 	  3  	  3  	0.023	0.203	0.034	0.740	
 307 	  3  	  3  	0.031	0.277	0.053	0.638	
 308 	  3  	  3  	0.019	0.217	0.093	0.671	
 309 	  3  	  3  	0.048	0.156	0.057	0.739	
 310 	  3  	  3  	0.020	0.179	0.033	0.769	
 311 	  3  	  3  	0.033	0.387	0.070	0.511	
 312 	  3  	  3  	0.023	0.329	0.086	0.561	
 313 	  3  	  3  	0.019	0.108	0.021	0.852	
 314 	  3  	  3  	0.015	0.205	0.049	0.731	
 315 	  3  	  3  	0.023	0.277	0.050	0.650	
 316 	  3  	  3  	0.023	0.178	0.023	0.776	
 317 	  3  	  3  	0.042	0.159	0.061	0.739	
 318 	  3  	  3  	0.074	0.216	0.096	0.614	
 319 	  3  	  3  	0.025	0.159	0.043	0.772	
 320 	  3  	  3  	0.022	0.247	0.022	0.708	
 321 	  3  	  3  	0.019	0.313	0.050	0.619	
 322 	  3  	  3  	0.031	0.132	0.052	0.784	
 323 	  3  	  3  	0.039	0.204	0.054	0.703	
 324 	  3  	  3  	0.023	0.273	0.044	0.661	
 325 	  1  	  3  	0.014	0.499	0.052	0.435	
 326 	  3  	  3  	0.046	0.266	0.042	0.646	
 327 	  3  	  3  	0.031	0.120	0.054	0.794	
 328 	  3  	  3  	0.013	0.125	0.031	0.831	
 329 	  3  	  3  	0.015	0.249	0.063	0.673	
 330 	  1  	  3  	0.075	0.491	0.042	0.393	
 331 	  3  	  3  	0.118	0.157	0.046	0.680	
 332 	  3  	  3  	0.039	0.126	0.066	0.769	
 333 	  3  	  3  	0.022	0.316	0.111	0.551	
 334 	  3  	  3  	0.091	0.113	0.110	0.686	
 335 	  3  	  3  	0.053	0.100	0.048	0.800	
 336 	  3  	  3  	0.055	0.254	0.047	0.645	
 337 	  3  	  3  	0.019	0.198	0.056	0.728	
 338 	  3  	  3  	0.049	0.283	0.114	0.554	
 339 	  3  	  3  	0.057	0.055	0.054	0.834	
 340 	  3  	  3  	0.015	0.113	0.029	0.842	
 341 	  3  	  3  	0.031	0.246	0.100	0.624	
 342 	  3  	  3  	0.043	0.167	0.029	0.761	
 343 	  3  	  3  	0.059	0.126	0.042	0.772	
 344 	  3  	  3  	0.086	0.103	0.050	0.762	
 345 	  3  	  3  	0.056	0.244	0.057	0.643	
 346 	  3  	  3  	0.052	0.153	0.056	0.740	
 347 	  3  	  3  	0.091	0.130	0.054	0.725	
 348 	  3  	  3  	0.031	0.134	0.047	0.788	
 349 	  3  	  3  	0.065	0.256	0.060	0.619	
 350 	  3  	  3  	0.072	0.163	0.067	0.698	
 351 	  3  	  3  	0.080	0.127	0.065	0.728	
 352 	  3  	  3  	0.074	0.212	0.053	0.661	
 353 	  3  	  3  	0.028	0.207	0.034	0.731	
 354 	  3  	  3  	0.035	0.334	0.055	0.576	
 355 	  3  	  3  	0.055	0.194	0.052	0.699	
 356 	  3  	  3  	0.039	0.145	0.046	0.771	
 357 	  3  	  3  	0.067	0.105	0.043	0.785	
 358 	  3  	  3  	0.032	0.234	0.040	0.694	
 359 	  3  	  3  	0.029	0.167	0.053	0.750	
 360 	  3  	  3  	0.062	0.119	0.039	0.780	
 361 	  3  	  3  	0.028	0.145	0.044	0.783	
 362 	  3  	  3  	0.059	0.187	0.051	0.703	
 363 	  3  	  3  	0.057	0.128	0.046	0.770	
 364 	  3  	  3  	0.068	0.110	0.038	0.784	
 365 	  3  	  3  	0.067	0.149	0.066	0.719	
 366 	  3  	  3  	0.030	0.107	0.037	0.825	
 367 	  3  	  3  	0.027	0.101	0.036	0.836	
 368 	  3  	  3  	0.087	0.160	0.054	0.699	
 369 	  3  	  3  	0.031	0.093	0.033	0.842	
 370 	  3  	  3  	0.067	0.149	0.066	0.719	
 371 	  3  	  3  	0.030	0.107	0.037	0.825	
 372 	  3  	  3  	0.059	0.187	0.051	0.703	
 373 	  3  	  3  	0.057	0.128	0.046	0.770	
 374 	  3  	  3  	0.068	0.110	0.038	0.784	
 375 	  3  	  3  	0.036	0.301	0.043	0.620	
 376 	  3  	  3  	0.085	0.129	0.062	0.724	
 377 	  3  	  3  	0.059	0.120	0.058	0.762	
 378 	  3  	  3  	0.033	0.152	0.038	0.778	
 379 	  3  	  3  	0.107	0.262	0.057	0.574	
 380 	  3  	  3  	0.062	0.140	0.067	0.731	
 381 	  3  	  3  	0.036	0.162	0.039	0.762	
 382 	  3  	  3  	0.055	0.171	0.052	0.722	
 383 	  3  	  3  	0.028	0.196	0.036	0.740	
 384 	  3  	  3  	0.069	0.135	0.040	0.757	
 385 	  3  	  3  	0.074	0.212	0.053	0.661	
 386 	  3  	  3  	0.028	0.207	0.034	0.731	
 387 	  3  	  3  	0.035	0.334	0.055	0.576	
 388 	  3  	  3  	0.065	0.235	0.057	0.644	
 389 	  3  	  3  	0.043	0.171	0.032	0.753	
 390 	  3  	  3  	0.083	0.139	0.065	0.713	
 391 	  3  	  3  	0.048	0.189	0.047	0.716	
 392 	  3  	  3  	0.033	0.218	0.039	0.710	
 393 	  3  	  3  	0.040	0.090	0.049	0.822	
 394 	  3  	  3  	0.058	0.221	0.054	0.668	
 395 	  3  	  3  	0.041	0.210	0.037	0.712	
 396 	  3  	  3  	0.026	0.204	0.089	0.681	
 397 	  3  	  3  	0.045	0.178	0.055	0.722	
 398 	  3  	  3  	0.035	0.149	0.036	0.779	
 399 	  3  	  3  	0.020	0.198	0.047	0.736	
 400 	  3  	  3  	0.039	0.130	0.046	0.785	
 401 	  3  	  3  	0.028	0.139	0.034	0.799	
 402 	  3  	  3  	0.063	0.157	0.041	0.739	
 403 	  3  	  3  	0.055	0.194	0.052	0.699	
 404 	  3  	  3  	0.039	0.145	0.046	0.771	
 405 	  3  	  3  	0.067	0.105	0.043	0.785	
 406 	  3  	  3  	0.056	0.072	0.054	0.819	
 407 	  3  	  3  	0.056	0.072	0.054	0.819	
 408 	  3  	  3  	0.056	0.072	0.054	0.819	
 409 	  3  	  3  	0.068	0.395	0.057	0.480	
 410 	  3  	  3  	0.056	0.072	0.054	0.818	
 411 	  3  	  3  	0.065	0.059	0.039	0.838	
 412 	  3  	  3  	0.043	0.174	0.059	0.724	
 413 	  3  	  3  	0.032	0.191	0.049	0.728	
 414 	  3  	  3  	0.055	0.176	0.045	0.724	
 415 	  3  	  3  	0.043	0.114	0.041	0.802	
 416 	  3  	  3  	0.033	0.149	0.044	0.774	
 417 	  3  	  3  	0.079	0.082	0.043	0.796	
 418 	  3  	  3  	0.050	0.100	0.048	0.802	
 419 	  3  	  3  	0.029	0.092	0.045	0.834	
 420 	  3  	  3  	0.078	0.086	0.043	0.792	
 421 	  3  	  3  	0.125	0.066	0.046	0.763	
 422 	  3  	  3  	0.036	0.146	0.043	0.776	
 423 	  3  	  3  	0.049	0.210	0.054	0.688	
 424 	  3  	  3  	0.036	0.117	0.037	0.810	
 425 	  3  	  3  	0.072	0.237	0.055	0.636	
 426 	  3  	  3  	0.042	0.115	0.043	0.800	
 427 	  3  	  3  	0.030	0.170	0.052	0.748	
 428 	  3  	  3  	0.041	0.047	0.042	0.871	
 429 	  3  	  3  	0.064	0.114	0.059	0.762	
 430 	  3  	  3  	0.033	0.124	0.055	0.788	
 431 	  3  	  3  	0.044	0.035	0.028	0.893	
 432 	  3  	  3  	0.025	0.050	0.030	0.894	
 433 	  3  	  3  	0.036	0.092	0.031	0.841	
 434 	  3  	  3  	0.044	0.102	0.033	0.822	
 435 	  3  	  3  	0.036	0.092	0.031	0.841	
 436 	  3  	  3  	0.044	0.102	0.033	0.822	
 437 	  0  	  3  	0.616	0.031	0.035	0.319	
 438 	  0  	  3  	0.623	0.030	0.034	0.313	
 439 	  3  	  3  	0.078	0.120	0.043	0.759	
 440 	  3  	  3  	0.037	0.148	0.046	0.769	
 441 	  3  	  3  	0.080	0.378	0.057	0.485	
 442 	  3  	  3  	0.048	0.257	0.047	0.648	
 443 	  3  	  3  	0.035	0.149	0.051	0.765	
 444 	  3  	  3  	0.055	0.141	0.050	0.753	
 445 	  3  	  3  	0.062	0.301	0.047	0.590	
 446 	  3  	  3  	0.023	0.321	0.046	0.610	
 447 	  3  	  3  	0.043	0.139	0.049	0.769	
 448 	  3  	  3  	0.064	0.219	0.057	0.659	
 449 	  3  	  3  	0.020	0.150	0.044	0.786	
 450 	  3  	  3  	0.043	0.139	0.049	0.769	
 451 	  3  	  3  	0.064	0.219	0.057	0.659	
 452 	  3  	  3  	0.020	0.150	0.044	0.786	
 453 	  3  	  3  	0.055	0.141	0.050	0.753	
 454 	  3  	  3  	0.062	0.301	0.047	0.590	
 455 	  3  	  3  	0.023	0.321	0.046	0.610	
 456 	  3  	  3  	0.146	0.086	0.036	0.731	
 457 	  3  	  3  	0.167	0.176	0.062	0.595	
 458 	  3  	  3  	0.030	0.097	0.034	0.839	
 459 	  3  	  3  	0.049	0.089	0.063	0.799	
 460 	  3  	  3  	0.077	0.389	0.052	0.482	
 461 	  3  	  3  	0.074	0.146	0.046	0.734	
 462 	  3  	  3  	0.025	0.112	0.058	0.805	
 463 	  3  	  3  	0.105	0.081	0.064	0.750	
 464 	  1  	  3  	0.074	0.454	0.053	0.419	
 465 	  3  	  3  	0.075	0.075	0.048	0.802	
 466 	  3  	  3  	0.016	0.080	0.044	0.860	
 467 	  3  	  3  	0.014	0.157	0.039	0.791	
 468 	  3  	  3  	0.026	0.161	0.055	0.759	
 469 	  3  	  3  	0.090	0.136	0.062	0.712	
 470 	  3  	  3  	0.092	0.247	0.064	0.598	
 471 	  1  	  3  	0.040	0.678	0.056	0.225	
 472 	  3  	  3  	0.053	0.167	0.056	0.723	
 473 	  3  	  3  	0.228	0.279	0.077	0.416	
 474 	  3  	  3  	0.084	0.294	0.056	0.566	
 475 	  3  	  3  	0.031	0.098	0.043	0.827	
 476 	  3  	  3  	0.012	0.172	0.041	0.774	
 477 	  3  	  3  	0.031	0.159	0.045	0.765	
 478 	  3  	  3  	0.129	0.148	0.056	0.667	
 479 	  3  	  3  	0.026	0.232	0.057	0.685	
 480 	  3  	  3  	0.027	0.073	0.075	0.825	
 481 	  3  	  3  	0.068	0.309	0.042	0.581	
 482 	  3  	  3  	0.082	0.195	0.055	0.668	
 483 	  3  	  3  	0.068	0.291	0.064	0.577	
 484 	  3  	  3  	0.042	0.116	0.060	0.782	
 485 	  3  	  3  	0.039	0.069	0.034	0.859	
 486 	  3  	  3  	0.018	0.141	0.073	0.768	
 487 	  3  	  3  	0.015	0.140	0.069	0.777	
 488 	  3  	  3  	0.039	0.152	0.046	0.764	
 489 	  3  	  3  	0.105	0.139	0.053	0.702	
 490 	  3  	  3  	0.029	0.265	0.031	0.675	
 491 	  3  	  3  	0.014	0.246	0.032	0.708	
 492 	  3  	  3  	0.039	0.154	0.055	0.752	
 493 	  3  	  3  	0.430	0.042	0.065	0.463	
 494 	  3  	  3  	0.031	0.188	0.035	0.746	
 495 	  3  	  3  	0.032	0.138	0.071	0.759	
 496 	  3  	  3  	0.057	0.240	0.036	0.667	
 497 	  3  	  3  	0.279	0.041	0.051	0.629	
 498 	  3  	  3  	0.081	0.170	0.085	0.665	
 499 	  3  	  3  	0.045	0.126	0.042	0.787	
 500 	  3  	  3  	0.077	0.143	0.045	0.735	
 501 	  3  	  3  	0.333	0.166	0.074	0.428	
 502 	  3  	  3  	0.086	0.312	0.063	0.539	
 503 	  3  	  3  	0.158	0.201	0.053	0.588	
 504 	  3  	  3  	0.089	0.263	0.058	0.590	
 505 	  3  	  3  	0.159	0.183	0.069	0.589	
 506 	  3  	  3  	0.085	0.220	0.054	0.642	
 507 	  3  	  3  	0.015	0.129	0.038	0.818	
 508 	  3  	  3  	0.021	0.291	0.098	0.590	
 509 	  3  	  3  	0.044	0.228	0.072	0.656	
 510 	  3  	  3  	0.025	0.161	0.036	0.778	
 511 	  3  	  3  	0.019	0.453	0.061	0.468	
 512 	  3  	  3  	0.039	0.101	0.069	0.792	
 513 	  0  	  3  	0.617	0.033	0.038	0.311	
 514 	  3  	  3  	0.113	0.358	0.032	0.497	
 515 	  0  	  3  	0.471	0.318	0.095	0.115	
 516 	  3  	  3  	0.075	0.119	0.048	0.758	
 517 	  3  	  3  	0.026	0.167	0.025	0.782	
 518 	  1  	  3  	0.131	0.674	0.086	0.108	
 519 	  3  	  3  	0.122	0.225	0.051	0.602	
 520 	  1  	  3  	0.291	0.376	0.049	0.283	
 521 	  0  	  3  	0.551	0.289	0.064	0.096	
 522 	  3  	  3  	0.087	0.107	0.045	0.761	
 523 	  3  	  3  	0.113	0.358	0.032	0.497	
 524 	  0  	  3  	0.437	0.411	0.070	0.082	
 525 	  3  	  3  	0.075	0.119	0.048	0.758	
 526 	  3  	  3  	0.121	0.334	0.031	0.514	
 527 	  0  	  3  	0.533	0.317	0.076	0.074	
 528 	  3  	  3  	0.075	0.121	0.048	0.756	
 529 	  3  	  3  	0.121	0.334	0.031	0.514	
 530 	  0  	  3  	0.533	0.317	0.076	0.074	
 531 	  3  	  3  	0.075	0.121	0.048	0.756	
 532 	  1  	  3  	0.288	0.485	0.045	0.182	
 533 	  0  	  3  	0.441	0.410	0.065	0.083	
 534 	  3  	  3  	0.070	0.274	0.044	0.612	
 535 	  3  	  3  	0.043	0.220	0.022	0.715	
 536 	  1  	  3  	0.148	0.528	0.077	0.247	
 537 	  0  	  3  	0.944	0.042	0.005	0.008	
 538 	  3  	  3  	0.104	0.217	0.055	0.623	
 539 	  0  	  0  	0.945	0.033	0.013	0.009	
 540 	  0  	  0  	0.920	0.037	0.021	0.022	
 541 	  0  	  0  	0.941	0.027	0.014	0.018	
 542 	  0  	  0  	0.937	0.027	0.021	0.015	
 543 	  0  	  0  	0.943	0.021	0.022	0.014	
 544 	  0  	  0  	0.945	0.033	0.013	0.009	
 545 	  0  	  0  	0.920	0.037	0.021	0.022	
 546 	  0  	  0  	0.941	0.027	0.014	0.018	
 547 	  0  	  0  	0.855	0.073	0.051	0.020	
 548 	  0  	  0  	0.893	0.038	0.037	0.032	
 549 	  0  	  0  	0.861	0.075	0.031	0.032	
 550 	  0  	  0  	0.819	0.140	0.019	0.023	
 551 	  0  	  0  	0.857	0.093	0.032	0.018	
 552 	  0  	  0  	0.851	0.069	0.061	0.019	
 553 	  0  	  0  	0.912	0.041	0.031	0.017	
 554 	  0  	  0  	0.935	0.026	0.020	0.018	
 555 	  0  	  0  	0.914	0.036	0.017	0.033	
 556 	  0  	  0  	0.870	0.060	0.047	0.023	
 557 	  0  	  0  	0.894	0.046	0.038	0.023	
 558 	  0  	  0  	0.904	0.033	0.036	0.027	
 559 	  0  	  0  	0.871	0.063	0.043	0.023	
 560 	  0  	  0  	0.880	0.052	0.039	0.030	
 561 	  0  	  0  	0.901	0.052	0.028	0.020	
 562 	  0  	  0  	0.911	0.056	0.015	0.017	
 563 	  0  	  0  	0.930	0.039	0.009	0.023	
 564 	  0  	  0  	0.935	0.036	0.017	0.013	
 565 	  0  	  0  	0.902	0.053	0.013	0.033	
 566 	  0  	  0  	0.900	0.043	0.035	0.022	
 567 	  0  	  0  	0.882	0.074	0.011	0.033	
 568 	  0  	  0  	0.893	0.046	0.040	0.021	
 569 	  0  	  0  	0.916	0.042	0.026	0.016	
 570 	  0  	  0  	0.944	0.034	0.010	0.012	
 571 	  0  	  0  	0.897	0.041	0.017	0.045	
 572 	  0  	  0  	0.905	0.043	0.028	0.024	
 573 	  0  	  0  	0.872	0.066	0.041	0.021	
 574 	  0  	  0  	0.929	0.038	0.021	0.012	
 575 	  0  	  0  	0.948	0.038	0.007	0.007	
 576 	  0  	  0  	0.922	0.025	0.031	0.022	
 577 	  0  	  0  	0.929	0.039	0.021	0.012	
 578 	  0  	  0  	0.956	0.028	0.007	0.009	
 579 	  0  	  0  	0.909	0.050	0.018	0.023	
 580 	  0  	  0  	0.928	0.028	0.023	0.020	
 581 	  0  	  0  	0.941	0.019	0.025	0.015	
 582 	  0  	  0  	0.897	0.066	0.015	0.023	
 583 	  0  	  0  	0.913	0.038	0.030	0.018	
 584 	  0  	  0  	0.934	0.041	0.015	0.011	
 585 	  0  	  0  	0.908	0.055	0.023	0.014	
 586 	  0  	  0  	0.926	0.037	0.010	0.027	
 587 	  0  	  0  	0.911	0.062	0.011	0.017	
 588 	  0  	  0  	0.937	0.030	0.012	0.021	
 589 	  0  	  0  	0.928	0.034	0.021	0.017	
 590 	  0  	  0  	0.887	0.071	0.012	0.030	
 591 	  0  	  0  	0.914	0.049	0.017	0.019	
 592 	  0  	  0  	0.896	0.068	0.015	0.021	
 593 	  0  	  0  	0.936	0.029	0.019	0.016	
 594 	  0  	  0  	0.884	0.068	0.019	0.028	
 595 	  0  	  0  	0.898	0.055	0.032	0.015	
 596 	  0  	  0  	0.931	0.034	0.023	0.012	
 597 	  0  	  0  	0.908	0.058	0.013	0.021	
 598 	  0  	  0  	0.899	0.056	0.030	0.015	
 599 	  0  	  0  	0.910	0.055	0.021	0.015	
 600 	  0  	  0  	0.896	0.061	0.030	0.013	
 601 	  0  	  0  	0.930	0.023	0.030	0.017	
 602 	  0  	  0  	0.895	0.068	0.022	0.015	
 603 	  0  	  0  	0.879	0.099	0.010	0.013	
 604 	  0  	  0  	0.909	0.057	0.021	0.013	
 605 	  0  	  0  	0.919	0.042	0.027	0.012	
 606 	  0  	  0  	0.901	0.046	0.040	0.013	
 607 	  0  	  0  	0.872	0.107	0.012	0.009	
 608 	  0  	  0  	0.887	0.092	0.012	0.009	
 609 	  0  	  0  	0.917	0.025	0.041	0.017	
 610 	  0  	  0  	0.985	0.011	0.002	0.002	
 611 	  0  	  0  	0.971	0.020	0.005	0.004	
 612 	  0  	  0  	0.968	0.022	0.006	0.004	
 613 	  0  	  0  	0.944	0.034	0.013	0.009	
 614 	  0  	  0  	0.958	0.026	0.009	0.007	
 615 	  0  	  0  	0.959	0.025	0.009	0.008	
 616 	  0  	  0  	0.898	0.050	0.037	0.014	
 617 	  0  	  0  	0.909	0.047	0.026	0.019	
 618 	  0  	  0  	0.929	0.032	0.021	0.018	
 619 	  0  	  0  	0.873	0.055	0.044	0.028	
 620 	  0  	  0  	0.881	0.051	0.023	0.045	
 621 	  0  	  0  	0.905	0.049	0.029	0.017	
 622 	  0  	  0  	0.897	0.056	0.026	0.021	
 623 	  0  	  0  	0.881	0.052	0.044	0.024	
 624 	  0  	  0  	0.895	0.046	0.036	0.023	
 625 	  0  	  0  	0.906	0.040	0.033	0.021	
 626 	  0  	  0  	0.926	0.026	0.029	0.018	
 627 	  0  	  0  	0.919	0.031	0.028	0.023	
 628 	  0  	  0  	0.882	0.074	0.023	0.021	
 629 	  0  	  0  	0.924	0.042	0.019	0.014	
 630 	  0  	  0  	0.915	0.038	0.029	0.019	
 631 	  0  	  0  	0.884	0.063	0.028	0.025	
 632 	  0  	  0  	0.881	0.067	0.028	0.024	
 633 	  0  	  0  	0.847	0.079	0.039	0.035	
 634 	  0  	  0  	0.906	0.042	0.025	0.026	
 635 	  0  	  0  	0.842	0.096	0.035	0.028	
 636 	  0  	  0  	0.872	0.089	0.020	0.019	
 637 	  0  	  0  	0.928	0.044	0.014	0.013	
 638 	  0  	  0  	0.903	0.033	0.036	0.028	
 639 	  0  	  0  	0.879	0.017	0.087	0.017	
 640 	  0  	  0  	0.967	0.013	0.010	0.010	
 641 	  0  	  0  	0.925	0.031	0.030	0.015	
 642 	  0  	  0  	0.904	0.043	0.038	0.014	
 643 	  0  	  0  	0.893	0.031	0.025	0.051	
 644 	  0  	  0  	0.925	0.025	0.037	0.013	
 645 	  0  	  0  	0.931	0.025	0.032	0.012	
 646 	  0  	  0  	0.938	0.020	0.026	0.016	
 647 	  0  	  0  	0.924	0.042	0.020	0.014	
 648 	  0  	  0  	0.947	0.022	0.018	0.013	
 649 	  0  	  0  	0.894	0.046	0.038	0.021	
 650 	  0  	  0  	0.917	0.033	0.031	0.019	
 651 	  0  	  0  	0.906	0.057	0.022	0.016	
 652 	  0  	  0  	0.920	0.033	0.028	0.018	
 653 	  0  	  0  	0.908	0.042	0.026	0.024	
 654 	  0  	  0  	0.917	0.031	0.030	0.021	
 655 	  0  	  0  	0.905	0.051	0.019	0.026	
 656 	  0  	  0  	0.876	0.069	0.027	0.028	
 657 	  0  	  0  	0.895	0.054	0.026	0.025	
 658 	  0  	  0  	0.888	0.063	0.021	0.027	
 659 	  0  	  0  	0.935	0.034	0.018	0.014	
 660 	  0  	  0  	0.905	0.056	0.018	0.022	
 661 	  0  	  0  	0.926	0.043	0.013	0.018	
 662 	  0  	  0  	0.941	0.036	0.012	0.011	
 663 	  0  	  0  	0.865	0.083	0.022	0.029	
 664 	  0  	  0  	0.903	0.052	0.017	0.028	
 665 	  0  	  0  	0.929	0.032	0.023	0.017	
 666 	  0  	  0  	0.932	0.037	0.016	0.015	
 667 	  0  	  0  	0.923	0.041	0.019	0.017	
 668 	  0  	  0  	0.937	0.034	0.016	0.014	
 669 	  0  	  0  	0.941	0.026	0.016	0.016	
 670 	  0  	  0  	0.904	0.049	0.025	0.021	
 671 	  0  	  0  	0.913	0.051	0.018	0.018	
 672 	  0  	  0  	0.941	0.023	0.018	0.018	
 673 	  0  	  0  	0.816	0.129	0.040	0.015	
 674 	  0  	  0  	0.914	0.058	0.018	0.010	
 675 	  0  	  0  	0.877	0.072	0.026	0.025	
 676 	  0  	  0  	0.903	0.056	0.032	0.010	
 677 	  0  	  0  	0.942	0.029	0.016	0.014	
 678 	  0  	  0  	0.938	0.022	0.024	0.016	
 679 	  0  	  0  	0.923	0.023	0.033	0.021	
 680 	  0  	  0  	0.921	0.027	0.025	0.028	
 681 	  0  	  0  	0.884	0.064	0.037	0.015	
 682 	  0  	  0  	0.926	0.039	0.019	0.017	
 683 	  0  	  0  	0.917	0.041	0.027	0.016	
 684 	  0  	  0  	0.918	0.039	0.026	0.018	
 685 	  0  	  0  	0.926	0.052	0.013	0.009	
 686 	  0  	  0  	0.891	0.066	0.020	0.023	
 687 	  0  	  0  	0.902	0.039	0.031	0.028	
 688 	  0  	  0  	0.887	0.054	0.023	0.036	
 689 	  0  	  0  	0.908	0.042	0.026	0.024	
 690 	  0  	  0  	0.917	0.031	0.030	0.021	
 691 	  0  	  0  	0.905	0.051	0.019	0.026	
 692 	  0  	  0  	0.876	0.065	0.044	0.015	
 693 	  0  	  0  	0.848	0.086	0.046	0.020	
 694 	  0  	  0  	0.910	0.048	0.024	0.018	
 695 	  0  	  0  	0.812	0.107	0.055	0.025	
 696 	  0  	  0  	0.900	0.058	0.030	0.013	
 697 	  0  	  0  	0.915	0.035	0.030	0.021	
 698 	  0  	  0  	0.884	0.058	0.030	0.027	
 699 	  0  	  0  	0.934	0.023	0.024	0.018	
 700 	  0  	  0  	0.889	0.050	0.029	0.032	
 701 	  0  	  0  	0.876	0.069	0.027	0.028	
 702 	  0  	  0  	0.895	0.054	0.026	0.025	
 703 	  0  	  0  	0.888	0.063	0.021	0.027	
 704 	  0  	  0  	0.955	0.029	0.007	0.009	
 705 	  0  	  0  	0.914	0.042	0.022	0.023	
 706 	  0  	  0  	0.890	0.063	0.016	0.031	
 707 	  0  	  0  	0.855	0.088	0.039	0.019	
 708 	  0  	  0  	0.920	0.039	0.022	0.018	
 709 	  0  	  0  	0.828	0.120	0.021	0.032	
 710 	  0  	  0  	0.948	0.021	0.021	0.010	
 711 	  0  	  0  	0.943	0.025	0.018	0.014	
 712 	  0  	  0  	0.955	0.029	0.007	0.009	
 713 	  0  	  0  	0.868	0.085	0.021	0.025	
 714 	  0  	  0  	0.953	0.032	0.007	0.008	
 715 	  0  	  0  	0.929	0.030	0.021	0.020	
 716 	  0  	  0  	0.897	0.054	0.020	0.028	
 717 	  0  	  0  	0.922	0.033	0.027	0.017	
 718 	  0  	  0  	0.928	0.039	0.020	0.012	
 719 	  0  	  0  	0.935	0.024	0.025	0.015	
 720 	  0  	  0  	0.934	0.030	0.025	0.011	
 721 	  0  	  0  	0.909	0.051	0.019	0.022	
 722 	  0  	  0  	0.943	0.031	0.017	0.009	
 723 	  0  	  0  	0.919	0.044	0.016	0.021	
 724 	  0  	  0  	0.952	0.022	0.017	0.009	
 725 	  0  	  0  	0.900	0.059	0.025	0.016	
 726 	  0  	  0  	0.930	0.038	0.018	0.013	
 727 	  0  	  0  	0.892	0.040	0.050	0.018	
 728 	  0  	  0  	0.905	0.055	0.023	0.017	
 729 	  0  	  0  	0.919	0.023	0.036	0.023	
 730 	  0  	  0  	0.881	0.044	0.052	0.023	
 731 	  0  	  0  	0.936	0.023	0.026	0.015	
 732 	  0  	  0  	0.891	0.041	0.037	0.031	
 733 	  0  	  0  	0.876	0.072	0.036	0.016	
 734 	  0  	  0  	0.910	0.038	0.035	0.017	
 735 	  0  	  0  	0.907	0.060	0.020	0.013	
 736 	  0  	  0  	0.891	0.058	0.040	0.010	
 737 	  0  	  0  	0.890	0.052	0.038	0.020	
 738 	  0  	  0  	0.941	0.036	0.014	0.008	
 739 	  0  	  0  	0.883	0.026	0.068	0.023	
 740 	  0  	  0  	0.895	0.039	0.045	0.021	
 741 	  0  	  0  	0.920	0.042	0.021	0.017	
 742 	  0  	  0  	0.931	0.031	0.024	0.014	
 743 	  0  	  0  	0.851	0.102	0.033	0.015	
 744 	  0  	  0  	0.917	0.048	0.022	0.014	
 745 	  0  	  0  	0.907	0.051	0.020	0.022	
 746 	  0  	  0  	0.882	0.068	0.038	0.012	
 747 	  0  	  0  	0.881	0.077	0.026	0.015	
 748 	  0  	  0  	0.971	0.015	0.006	0.007	
 749 	  0  	  0  	0.923	0.029	0.022	0.026	
 750 	  0  	  0  	0.898	0.057	0.017	0.027	
 751 	  0  	  0  	0.924	0.041	0.026	0.009	
 752 	  0  	  0  	0.920	0.048	0.020	0.012	
 753 	  0  	  0  	0.923	0.029	0.022	0.026	
 754 	  0  	  0  	0.892	0.066	0.030	0.012	
 755 	  0  	  0  	0.915	0.028	0.042	0.014	
 756 	  0  	  0  	0.898	0.057	0.017	0.027	
 757 	  0  	  0  	0.888	0.044	0.050	0.018	
 758 	  0  	  0  	0.748	0.191	0.041	0.020	
 759 	  0  	  0  	0.942	0.029	0.012	0.017	
 760 	  0  	  0  	0.892	0.056	0.038	0.014	
 761 	  0  	  0  	0.857	0.106	0.026	0.011	
 762 	  0  	  0  	0.925	0.038	0.017	0.021	
 763 	  0  	  0  	0.936	0.040	0.011	0.013	
 764 	  0  	  0  	0.935	0.040	0.011	0.013	
 765 	  0  	  0  	0.925	0.027	0.030	0.018	
 766 	  0  	  0  	0.984	0.008	0.003	0.005	
 767 	  0  	  0  	0.919	0.027	0.031	0.022	
 768 	  0  	  0  	0.986	0.007	0.003	0.004	
 769 	  0  	  0  	0.874	0.074	0.041	0.011	
 770 	  0  	  0  	0.816	0.128	0.036	0.020	
 771 	  0  	  0  	0.936	0.040	0.011	0.013	
 772 	  0  	  0  	0.815	0.143	0.029	0.013	
 773 	  0  	  0  	0.935	0.040	0.011	0.013	
 774 	  0  	  0  	0.904	0.035	0.035	0.026	
 775 	  0  	  0  	0.914	0.031	0.034	0.021	
 776 	  0  	  0  	0.925	0.027	0.030	0.018	
 777 	  0  	  0  	0.984	0.008	0.003	0.005	
 778 	  0  	  0  	0.904	0.032	0.038	0.026	
 779 	  0  	  0  	0.919	0.027	0.031	0.022	
 780 	  0  	  0  	0.986	0.007	0.003	0.004	
 781 	  0  	  0  	0.916	0.038	0.031	0.015	
 782 	  0  	  0  	0.909	0.035	0.040	0.016	
 783 	  0  	  0  	0.880	0.073	0.027	0.020	
 784 	  0  	  0  	0.917	0.025	0.036	0.022	
 785 	  0  	  0  	0.907	0.041	0.040	0.012	
 786 	  0  	  0  	0.806	0.131	0.036	0.027	
 787 	  0  	  0  	0.877	0.076	0.016	0.031	
 788 	  0  	  0  	0.856	0.100	0.018	0.026	
 789 	  0  	  0  	0.906	0.037	0.035	0.021	
 790 	  0  	  0  	0.906	0.035	0.039	0.020	
 791 	  0  	  0  	0.884	0.035	0.048	0.033	
 792 	  0  	  0  	0.911	0.048	0.024	0.016	
 793 	  0  	  0  	0.939	0.024	0.020	0.017	
 794 	  0  	  0  	0.985	0.006	0.005	0.004	
 795 	  0  	  0  	0.692	0.185	0.039	0.084	
 796 	  0  	  0  	0.895	0.047	0.034	0.024	
 797 	  0  	  0  	0.891	0.047	0.021	0.041	
 798 	  0  	  0  	0.921	0.034	0.027	0.017	
 799 	  0  	  0  	0.850	0.024	0.022	0.105	
 800 	  0  	  0  	0.921	0.040	0.022	0.017	
 801 	  0  	  0  	0.867	0.022	0.020	0.091	
 802 	  0  	  0  	0.891	0.060	0.031	0.018	
 803 	  0  	  0  	0.941	0.026	0.020	0.014	
 804 	  0  	  0  	0.931	0.020	0.033	0.017	
 805 	  0  	  0  	0.937	0.022	0.022	0.019	
 806 	  0  	  0  	0.941	0.031	0.017	0.011	
 807 	  0  	  0  	0.865	0.084	0.019	0.032	
 808 	  0  	  0  	0.920	0.029	0.029	0.022	
 809 	  0  	  0  	0.851	0.075	0.050	0.023	
 810 	  0  	  0  	0.946	0.042	0.005	0.006	
 811 	  0  	  0  	0.911	0.043	0.026	0.019	
 812 	  0  	  0  	0.909	0.053	0.024	0.014	
 813 	  0  	  0  	0.812	0.136	0.040	0.012	
 814 	  0  	  0  	0.902	0.055	0.023	0.020	
 815 	  0  	  0  	0.895	0.045	0.032	0.028	
 816 	  0  	  0  	0.932	0.038	0.022	0.007	
 817 	  0  	  0  	0.923	0.038	0.026	0.014	
 818 	  0  	  0  	0.948	0.022	0.014	0.016	
 819 	  0  	  0  	0.873	0.059	0.022	0.047	
 820 	  0  	  0  	0.907	0.056	0.026	0.011	
 821 	  0  	  0  	0.868	0.098	0.021	0.012	
 822 	  0  	  0  	0.890	0.074	0.025	0.011	
 823 	  0  	  0  	0.897	0.067	0.024	0.012	
 824 	  0  	  0  	0.934	0.026	0.021	0.019	
 825 	  0  	  0  	0.948	0.019	0.018	0.015	
 826 	  0  	  0  	0.851	0.102	0.024	0.023	
 827 	  0  	  0  	0.927	0.035	0.020	0.017	
 828 	  0  	  0  	0.933	0.024	0.023	0.019	
 829 	  0  	  0  	0.983	0.008	0.003	0.006	
 830 	  0  	  0  	0.910	0.031	0.038	0.021	
 831 	  0  	  0  	0.956	0.020	0.015	0.009	
 832 	  0  	  0  	0.936	0.039	0.011	0.014	
 833 	  0  	  0  	0.919	0.038	0.025	0.018	
 834 	  0  	  0  	0.928	0.037	0.021	0.014	
 835 	  0  	  0  	0.893	0.044	0.042	0.021	
 836 	  0  	  0  	0.904	0.048	0.025	0.023	
 837 	  0  	  0  	0.846	0.096	0.040	0.019	
 838 	  0  	  0  	0.916	0.039	0.022	0.023	
 839 	  0  	  0  	0.913	0.035	0.031	0.021	
 840 	  0  	  0  	0.572	0.042	0.068	0.319	
 841 	  0  	  0  	0.923	0.035	0.021	0.020	
 842 	  0  	  0  	0.878	0.053	0.036	0.032	
 843 	  0  	  0  	0.892	0.078	0.019	0.011	
 844 	  0  	  0  	0.814	0.148	0.018	0.019	
 845 	  0  	  0  	0.761	0.180	0.037	0.022	
 846 	  0  	  0  	0.868	0.090	0.025	0.017	
 847 	  0  	  0  	0.746	0.175	0.049	0.030	
 848 	  0  	  0  	0.881	0.047	0.049	0.023	
 849 	  0  	  0  	0.746	0.175	0.049	0.030	
 850 	  0  	  0  	0.881	0.047	0.049	0.023	
 851 	  0  	  0  	0.620	0.201	0.128	0.051	
 852 	  0  	  0  	0.879	0.039	0.055	0.027	
 853 	  0  	  0  	0.894	0.056	0.037	0.014	
 854 	  0  	  0  	0.800	0.083	0.031	0.085	
