  no	pred	real	Good	Contact	Radius	Hole
  0  	  1  	  1  	0.002	0.969	0.015	0.014	
  1  	  1  	  1  	0.005	0.975	0.004	0.015	
  2  	  1  	  1  	0.001	0.972	0.018	0.009	
  3  	  1  	  1  	0.001	0.929	0.051	0.019	
  4  	  1  	  1  	0.001	0.979	0.007	0.013	
  5  	  1  	  1  	0.001	0.940	0.035	0.025	
  6  	  1  	  1  	0.002	0.984	0.009	0.005	
  7  	  1  	  1  	0.002	0.984	0.006	0.008	
  8  	  1  	  1  	0.027	0.953	0.013	0.008	
  9  	  1  	  1  	0.002	0.978	0.011	0.009	
 10  	  1  	  1  	0.003	0.964	0.022	0.012	
 11  	  1  	  1  	0.014	0.975	0.009	0.002	
 12  	  2  	  1  	0.026	0.296	0.638	0.040	
 13  	  1  	  1  	0.001	0.986	0.003	0.010	
 14  	  1  	  1  	0.002	0.968	0.022	0.008	
 15  	  1  	  1  	0.004	0.938	0.033	0.025	
 16  	  1  	  1  	0.004	0.738	0.197	0.062	
 17  	  3  	  1  	0.005	0.161	0.305	0.530	
 18  	  1  	  1  	0.003	0.972	0.010	0.015	
 19  	  1  	  1  	0.036	0.941	0.013	0.010	
 20  	  1  	  1  	0.002	0.982	0.006	0.010	
 21  	  3  	  1  	0.397	0.163	0.042	0.398	
 22  	  1  	  1  	0.003	0.977	0.007	0.014	
 23  	  1  	  1  	0.012	0.928	0.048	0.012	
 24  	  1  	  1  	0.024	0.828	0.130	0.018	
 25  	  1  	  1  	0.005	0.978	0.008	0.009	
 26  	  1  	  1  	0.005	0.961	0.025	0.009	
 27  	  0  	  1  	0.689	0.196	0.016	0.099	
 28  	  1  	  2  	0.004	0.547	0.437	0.011	
 29  	  1  	  2  	0.021	0.916	0.048	0.015	
 30  	  2  	  2  	0.370	0.006	0.537	0.087	
 31  	  2  	  2  	0.010	0.018	0.964	0.008	
 32  	  2  	  2  	0.006	0.006	0.983	0.005	
 33  	  0  	  2  	0.922	0.002	0.073	0.003	
 34  	  0  	  2  	0.822	0.004	0.166	0.008	
 35  	  2  	  2  	0.012	0.046	0.925	0.017	
 36  	  2  	  2  	0.008	0.012	0.942	0.038	
 37  	  2  	  2  	0.002	0.056	0.934	0.009	
 38  	  2  	  2  	0.004	0.004	0.977	0.015	
 39  	  2  	  2  	0.006	0.005	0.872	0.117	
 40  	  2  	  2  	0.010	0.004	0.978	0.009	
 41  	  2  	  2  	0.003	0.006	0.977	0.014	
 42  	  2  	  2  	0.002	0.038	0.903	0.057	
 43  	  1  	  2  	0.003	0.980	0.007	0.010	
 44  	  1  	  2  	0.003	0.985	0.005	0.007	
 45  	  2  	  2  	0.011	0.173	0.752	0.064	
 46  	  0  	  2  	0.647	0.005	0.299	0.049	
 47  	  2  	  2  	0.001	0.202	0.698	0.099	
 48  	  2  	  2  	0.019	0.146	0.808	0.028	
 49  	  1  	  2  	0.004	0.949	0.037	0.011	
 50  	  2  	  2  	0.185	0.006	0.803	0.007	
 51  	  3  	  3  	0.003	0.004	0.011	0.982	
 52  	  3  	  3  	0.003	0.005	0.008	0.985	
 53  	  3  	  3  	0.003	0.003	0.004	0.991	
 54  	  2  	  3  	0.293	0.014	0.428	0.265	
 55  	  3  	  3  	0.050	0.195	0.110	0.644	
 56  	  3  	  3  	0.110	0.019	0.332	0.539	
 57  	  3  	  3  	0.009	0.073	0.050	0.868	
 58  	  0  	  3  	0.944	0.035	0.005	0.017	
 59  	  3  	  3  	0.002	0.006	0.011	0.981	
 60  	  3  	  3  	0.019	0.015	0.030	0.936	
 61  	  3  	  3  	0.011	0.011	0.007	0.971	
 62  	  3  	  3  	0.005	0.019	0.038	0.938	
 63  	  3  	  3  	0.004	0.009	0.030	0.957	
 64  	  3  	  3  	0.005	0.019	0.020	0.956	
 65  	  3  	  3  	0.003	0.007	0.007	0.984	
 66  	  1  	  3  	0.042	0.472	0.146	0.340	
 67  	  3  	  3  	0.006	0.011	0.019	0.964	
 68  	  3  	  3  	0.005	0.040	0.010	0.944	
 69  	  3  	  3  	0.003	0.007	0.009	0.981	
 70  	  3  	  3  	0.016	0.009	0.027	0.948	
 71  	  3  	  3  	0.010	0.007	0.017	0.965	
 72  	  3  	  3  	0.007	0.009	0.010	0.974	
 73  	  3  	  3  	0.003	0.007	0.003	0.987	
 74  	  3  	  3  	0.002	0.009	0.005	0.985	
 75  	  3  	  3  	0.018	0.015	0.006	0.962	
 76  	  3  	  3  	0.028	0.005	0.011	0.956	
 77  	  3  	  3  	0.003	0.003	0.004	0.990	
 78  	  3  	  3  	0.008	0.009	0.002	0.981	
 79  	  3  	  3  	0.003	0.008	0.011	0.979	
 80  	  3  	  3  	0.001	0.004	0.012	0.983	
 81  	  3  	  3  	0.006	0.007	0.002	0.985	
 82  	  3  	  3  	0.002	0.002	0.011	0.985	
 83  	  3  	  3  	0.008	0.002	0.006	0.984	
 84  	  3  	  3  	0.008	0.002	0.006	0.985	
 85  	  3  	  3  	0.003	0.006	0.008	0.984	
 86  	  3  	  3  	0.003	0.002	0.008	0.987	
 87  	  3  	  3  	0.004	0.002	0.008	0.986	
 88  	  3  	  3  	0.004	0.003	0.010	0.984	
 89  	  3  	  3  	0.005	0.000	0.005	0.990	
 90  	  3  	  3  	0.002	0.014	0.010	0.975	
 91  	  3  	  3  	0.002	0.011	0.020	0.967	
 92  	  3  	  3  	0.003	0.006	0.005	0.986	
 93  	  1  	  3  	0.019	0.719	0.075	0.188	
 94  	  0  	  3  	0.927	0.046	0.008	0.020	
 95  	  1  	  3  	0.046	0.393	0.200	0.362	
 96  	  3  	  3  	0.001	0.009	0.022	0.967	
 97  	  3  	  3  	0.021	0.071	0.032	0.876	
 98  	  3  	  3  	0.114	0.062	0.055	0.768	
 99  	  3  	  3  	0.002	0.009	0.012	0.977	
 100 	  0  	  3  	0.906	0.061	0.010	0.023	
 101 	  3  	  3  	0.207	0.013	0.017	0.763	
 102 	  0  	  0  	0.988	0.002	0.008	0.002	
 103 	  0  	  0  	0.891	0.016	0.060	0.034	
 104 	  0  	  0  	0.971	0.003	0.016	0.010	
 105 	  0  	  0  	0.963	0.008	0.017	0.012	
 106 	  0  	  0  	0.994	0.002	0.003	0.001	
 107 	  0  	  0  	0.899	0.002	0.058	0.041	
 108 	  0  	  0  	0.959	0.024	0.004	0.014	
 109 	  0  	  0  	0.957	0.018	0.008	0.017	
 110 	  0  	  0  	0.988	0.007	0.003	0.003	
 111 	  0  	  0  	0.993	0.002	0.003	0.002	
 112 	  3  	  0  	0.004	0.021	0.071	0.905	
 113 	  0  	  0  	0.985	0.004	0.009	0.002	
 114 	  0  	  0  	0.986	0.004	0.007	0.003	
 115 	  0  	  0  	0.967	0.009	0.005	0.019	
 116 	  0  	  0  	0.671	0.045	0.052	0.232	
 117 	  0  	  0  	0.905	0.029	0.023	0.043	
 118 	  0  	  0  	0.978	0.007	0.008	0.007	
 119 	  0  	  0  	0.522	0.322	0.100	0.056	
 120 	  3  	  0  	0.006	0.026	0.021	0.948	
 121 	  0  	  0  	0.905	0.006	0.080	0.009	
 122 	  0  	  0  	0.943	0.008	0.025	0.025	
 123 	  0  	  0  	0.942	0.008	0.021	0.029	
 124 	  0  	  0  	0.786	0.023	0.067	0.124	
 125 	  0  	  0  	0.981	0.008	0.005	0.007	
 126 	  0  	  0  	0.991	0.001	0.004	0.004	
 127 	  0  	  0  	0.986	0.002	0.007	0.005	
 128 	  0  	  0  	0.974	0.010	0.009	0.007	
 129 	  0  	  0  	0.980	0.005	0.003	0.012	
 130 	  0  	  0  	0.986	0.004	0.005	0.005	
 131 	  0  	  0  	0.926	0.012	0.058	0.005	
 132 	  0  	  0  	0.832	0.019	0.126	0.024	
 133 	  0  	  0  	0.982	0.005	0.003	0.010	
 134 	  0  	  0  	0.983	0.007	0.005	0.005	
 135 	  0  	  0  	0.974	0.012	0.009	0.005	
 136 	  0  	  0  	0.974	0.010	0.009	0.007	
 137 	  0  	  0  	0.980	0.007	0.005	0.008	
 138 	  0  	  0  	0.980	0.007	0.006	0.008	
 139 	  0  	  0  	0.976	0.005	0.010	0.009	
 140 	  0  	  0  	0.972	0.004	0.012	0.011	
 141 	  0  	  0  	0.904	0.021	0.028	0.048	
 142 	  0  	  0  	0.813	0.003	0.177	0.007	
 143 	  0  	  0  	0.980	0.009	0.005	0.007	
 144 	  0  	  0  	0.758	0.112	0.011	0.119	
 145 	  3  	  0  	0.327	0.011	0.023	0.639	
 146 	  0  	  0  	0.973	0.010	0.010	0.007	
 147 	  0  	  0  	0.517	0.050	0.029	0.404	
 148 	  0  	  0  	0.947	0.011	0.037	0.005	
 149 	  0  	  0  	0.906	0.015	0.016	0.063	
 150 	  3  	  0  	0.369	0.000	0.002	0.630	
 151 	  0  	  0  	0.976	0.003	0.010	0.010	
 152 	  0  	  0  	0.952	0.004	0.018	0.025	
 153 	  3  	  0  	0.007	0.084	0.305	0.603	
 154 	  0  	  0  	0.966	0.009	0.003	0.023	
 155 	  0  	  0  	0.981	0.007	0.006	0.006	
 156 	  3  	  0  	0.098	0.012	0.052	0.838	
 157 	  0  	  0  	0.789	0.007	0.186	0.018	
 158 	  2  	  0  	0.330	0.008	0.606	0.055	
 159 	  0  	  0  	0.704	0.035	0.251	0.009	
 160 	  0  	  0  	0.898	0.022	0.032	0.049	
 161 	  0  	  0  	0.864	0.041	0.012	0.083	
 162 	  0  	  0  	0.967	0.008	0.013	0.012	
