  no	pred	real	Good	Contact	Radius	Hole
  0  	  1  	  1  	0.012	0.922	0.032	0.035	
  1  	  1  	  1  	0.012	0.936	0.024	0.028	
  2  	  1  	  1  	0.012	0.908	0.041	0.040	
  3  	  1  	  1  	0.011	0.939	0.024	0.026	
  4  	  1  	  1  	0.012	0.922	0.032	0.035	
  5  	  1  	  1  	0.012	0.936	0.024	0.028	
  6  	  1  	  1  	0.012	0.907	0.042	0.038	
  7  	  1  	  1  	0.012	0.927	0.025	0.036	
  8  	  1  	  1  	0.014	0.919	0.038	0.029	
  9  	  1  	  1  	0.015	0.927	0.029	0.028	
 10  	  1  	  1  	0.008	0.925	0.038	0.029	
 11  	  1  	  1  	0.016	0.907	0.049	0.028	
 12  	  1  	  1  	0.012	0.891	0.053	0.043	
 13  	  1  	  1  	0.015	0.925	0.025	0.035	
 14  	  1  	  1  	0.010	0.923	0.035	0.033	
 15  	  1  	  1  	0.018	0.876	0.063	0.043	
 16  	  1  	  1  	0.016	0.897	0.058	0.029	
 17  	  1  	  1  	0.013	0.929	0.029	0.029	
 18  	  1  	  1  	0.018	0.927	0.020	0.035	
 19  	  1  	  1  	0.014	0.925	0.030	0.031	
 20  	  1  	  1  	0.013	0.937	0.022	0.029	
 21  	  1  	  1  	0.011	0.922	0.029	0.038	
 22  	  1  	  1  	0.015	0.939	0.020	0.026	
 23  	  1  	  1  	0.010	0.948	0.019	0.023	
 24  	  1  	  1  	0.016	0.883	0.054	0.047	
 25  	  1  	  1  	0.015	0.911	0.028	0.046	
 26  	  1  	  1  	0.019	0.918	0.023	0.040	
 27  	  1  	  1  	0.019	0.889	0.035	0.056	
 28  	  1  	  1  	0.017	0.890	0.048	0.044	
 29  	  1  	  1  	0.021	0.911	0.027	0.042	
 30  	  1  	  1  	0.017	0.889	0.042	0.052	
 31  	  1  	  1  	0.016	0.903	0.037	0.043	
 32  	  1  	  1  	0.016	0.916	0.024	0.043	
 33  	  1  	  1  	0.015	0.907	0.030	0.048	
 34  	  1  	  1  	0.014	0.925	0.027	0.034	
 35  	  1  	  1  	0.019	0.918	0.026	0.037	
 36  	  1  	  1  	0.019	0.905	0.029	0.047	
 37  	  1  	  1  	0.013	0.936	0.022	0.029	
 38  	  1  	  1  	0.015	0.903	0.043	0.039	
 39  	  1  	  1  	0.014	0.925	0.027	0.034	
 40  	  1  	  1  	0.018	0.910	0.036	0.036	
 41  	  1  	  1  	0.009	0.941	0.025	0.025	
 42  	  1  	  1  	0.013	0.936	0.022	0.030	
 43  	  1  	  1  	0.014	0.925	0.027	0.034	
 44  	  1  	  1  	0.018	0.910	0.036	0.036	
 45  	  1  	  1  	0.009	0.941	0.025	0.025	
 46  	  1  	  1  	0.013	0.934	0.021	0.032	
 47  	  1  	  1  	0.014	0.922	0.030	0.034	
 48  	  1  	  1  	0.015	0.913	0.035	0.037	
 49  	  1  	  1  	0.012	0.933	0.030	0.026	
 50  	  1  	  1  	0.012	0.921	0.035	0.032	
 51  	  1  	  1  	0.013	0.923	0.033	0.030	
 52  	  1  	  1  	0.012	0.935	0.022	0.031	
 53  	  1  	  1  	0.023	0.922	0.024	0.031	
 54  	  1  	  1  	0.013	0.923	0.033	0.030	
 55  	  1  	  1  	0.012	0.935	0.022	0.031	
 56  	  1  	  1  	0.023	0.922	0.024	0.031	
 57  	  1  	  1  	0.012	0.935	0.024	0.029	
 58  	  1  	  1  	0.013	0.916	0.033	0.038	
 59  	  1  	  1  	0.017	0.912	0.036	0.035	
 60  	  1  	  1  	0.023	0.927	0.026	0.024	
 61  	  1  	  1  	0.018	0.865	0.033	0.085	
 62  	  1  	  1  	0.013	0.912	0.046	0.029	
 63  	  1  	  1  	0.010	0.939	0.029	0.021	
 64  	  1  	  1  	0.018	0.865	0.033	0.085	
 65  	  1  	  1  	0.011	0.923	0.030	0.036	
 66  	  1  	  1  	0.017	0.926	0.031	0.026	
 67  	  1  	  1  	0.016	0.852	0.056	0.076	
 68  	  1  	  1  	0.015	0.928	0.029	0.028	
 69  	  1  	  1  	0.016	0.832	0.086	0.066	
 70  	  1  	  1  	0.017	0.870	0.062	0.050	
 71  	  1  	  1  	0.015	0.896	0.052	0.037	
 72  	  1  	  1  	0.010	0.939	0.025	0.026	
 73  	  1  	  1  	0.018	0.775	0.143	0.063	
 74  	  1  	  1  	0.010	0.936	0.022	0.031	
 75  	  1  	  1  	0.017	0.833	0.084	0.066	
 76  	  1  	  1  	0.010	0.939	0.025	0.026	
 77  	  1  	  1  	0.010	0.936	0.022	0.031	
 78  	  1  	  1  	0.011	0.921	0.034	0.033	
 79  	  1  	  1  	0.012	0.923	0.032	0.033	
 80  	  1  	  1  	0.013	0.930	0.029	0.028	
 81  	  1  	  1  	0.012	0.911	0.035	0.042	
 82  	  1  	  1  	0.015	0.894	0.043	0.048	
 83  	  1  	  1  	0.014	0.932	0.023	0.031	
 84  	  1  	  1  	0.014	0.902	0.045	0.039	
 85  	  1  	  1  	0.013	0.928	0.029	0.031	
 86  	  1  	  1  	0.013	0.897	0.041	0.049	
 87  	  1  	  1  	0.013	0.927	0.030	0.031	
 88  	  1  	  1  	0.015	0.904	0.044	0.037	
 89  	  1  	  1  	0.014	0.931	0.027	0.029	
 90  	  1  	  1  	0.012	0.918	0.035	0.035	
 91  	  1  	  1  	0.015	0.906	0.046	0.034	
 92  	  1  	  1  	0.012	0.920	0.033	0.035	
 93  	  1  	  1  	0.015	0.933	0.027	0.025	
 94  	  1  	  1  	0.013	0.900	0.051	0.036	
 95  	  1  	  1  	0.012	0.914	0.038	0.036	
 96  	  1  	  1  	0.011	0.924	0.034	0.031	
 97  	  1  	  1  	0.028	0.921	0.020	0.031	
 98  	  1  	  1  	0.011	0.928	0.029	0.033	
 99  	  1  	  1  	0.013	0.926	0.026	0.034	
 100 	  1  	  1  	0.012	0.940	0.025	0.022	
 101 	  1  	  1  	0.026	0.895	0.027	0.053	
 102 	  1  	  1  	0.016	0.931	0.024	0.030	
 103 	  1  	  1  	0.009	0.935	0.028	0.028	
 104 	  1  	  1  	0.013	0.898	0.051	0.038	
 105 	  1  	  1  	0.012	0.936	0.023	0.029	
 106 	  1  	  1  	0.012	0.906	0.040	0.042	
 107 	  1  	  1  	0.012	0.921	0.031	0.037	
 108 	  1  	  1  	0.011	0.926	0.030	0.033	
 109 	  1  	  1  	0.013	0.909	0.045	0.034	
 110 	  1  	  1  	0.014	0.916	0.038	0.032	
 111 	  1  	  1  	0.014	0.929	0.023	0.034	
 112 	  1  	  1  	0.014	0.942	0.021	0.023	
 113 	  1  	  1  	0.024	0.711	0.191	0.074	
 114 	  1  	  1  	0.013	0.872	0.077	0.038	
 115 	  1  	  1  	0.008	0.944	0.027	0.021	
 116 	  1  	  1  	0.014	0.902	0.021	0.063	
 117 	  1  	  1  	0.012	0.917	0.034	0.038	
 118 	  1  	  1  	0.018	0.924	0.026	0.032	
 119 	  1  	  1  	0.012	0.904	0.038	0.046	
 120 	  1  	  1  	0.015	0.913	0.034	0.038	
 121 	  1  	  1  	0.018	0.917	0.036	0.029	
 122 	  1  	  1  	0.017	0.924	0.027	0.032	
 123 	  1  	  1  	0.012	0.907	0.033	0.047	
 124 	  1  	  1  	0.016	0.908	0.035	0.040	
 125 	  1  	  1  	0.019	0.830	0.115	0.036	
 126 	  1  	  1  	0.015	0.893	0.049	0.043	
 127 	  1  	  1  	0.012	0.934	0.023	0.030	
 128 	  1  	  1  	0.017	0.906	0.038	0.039	
 129 	  1  	  1  	0.018	0.931	0.022	0.029	
 130 	  1  	  1  	0.013	0.917	0.032	0.037	
 131 	  1  	  1  	0.011	0.927	0.036	0.026	
 132 	  1  	  1  	0.014	0.942	0.017	0.026	
 133 	  1  	  1  	0.013	0.904	0.048	0.035	
 134 	  1  	  1  	0.014	0.896	0.054	0.036	
 135 	  1  	  1  	0.012	0.931	0.025	0.032	
 136 	  1  	  1  	0.028	0.924	0.018	0.030	
 137 	  1  	  1  	0.011	0.938	0.023	0.027	
 138 	  1  	  1  	0.019	0.832	0.090	0.059	
 139 	  1  	  1  	0.019	0.779	0.130	0.071	
 140 	  1  	  1  	0.012	0.906	0.036	0.047	
 141 	  1  	  1  	0.014	0.845	0.056	0.084	
 142 	  1  	  1  	0.170	0.493	0.168	0.168	
 143 	  3  	  1  	0.179	0.227	0.038	0.556	
 144 	  1  	  1  	0.060	0.795	0.058	0.087	
 145 	  1  	  1  	0.078	0.652	0.154	0.117	
 146 	  2  	  2  	0.015	0.037	0.908	0.041	
 147 	  2  	  2  	0.016	0.026	0.927	0.031	
 148 	  2  	  2  	0.018	0.030	0.906	0.045	
 149 	  2  	  2  	0.018	0.030	0.909	0.042	
 150 	  2  	  2  	0.014	0.033	0.923	0.030	
 151 	  2  	  2  	0.020	0.022	0.889	0.069	
 152 	  2  	  2  	0.019	0.039	0.906	0.036	
 153 	  2  	  2  	0.020	0.045	0.907	0.028	
 154 	  2  	  2  	0.020	0.057	0.876	0.046	
 155 	  2  	  2  	0.019	0.041	0.909	0.031	
 156 	  2  	  2  	0.022	0.023	0.898	0.058	
 157 	  2  	  2  	0.017	0.033	0.916	0.034	
 158 	  2  	  2  	0.016	0.026	0.923	0.035	
 159 	  2  	  2  	0.022	0.037	0.898	0.044	
 160 	  2  	  2  	0.020	0.062	0.875	0.042	
 161 	  2  	  2  	0.017	0.034	0.918	0.031	
 162 	  2  	  2  	0.019	0.045	0.902	0.034	
 163 	  2  	  2  	0.020	0.059	0.869	0.052	
 164 	  2  	  2  	0.014	0.035	0.916	0.035	
 165 	  2  	  2  	0.013	0.033	0.919	0.035	
 166 	  2  	  2  	0.012	0.043	0.910	0.035	
 167 	  2  	  2  	0.017	0.043	0.908	0.032	
 168 	  2  	  2  	0.025	0.022	0.912	0.041	
 169 	  2  	  2  	0.017	0.026	0.919	0.037	
 170 	  2  	  2  	0.018	0.052	0.879	0.052	
 171 	  2  	  2  	0.017	0.034	0.912	0.036	
 172 	  2  	  2  	0.023	0.035	0.882	0.059	
 173 	  2  	  2  	0.017	0.033	0.917	0.033	
 174 	  2  	  2  	0.019	0.031	0.903	0.046	
 175 	  2  	  2  	0.019	0.036	0.884	0.061	
 176 	  2  	  2  	0.017	0.030	0.922	0.031	
 177 	  2  	  2  	0.017	0.035	0.909	0.039	
 178 	  2  	  2  	0.018	0.031	0.916	0.034	
 179 	  2  	  2  	0.017	0.030	0.915	0.039	
 180 	  2  	  2  	0.014	0.027	0.932	0.026	
 181 	  2  	  2  	0.017	0.030	0.922	0.031	
 182 	  2  	  2  	0.016	0.028	0.917	0.038	
 183 	  2  	  2  	0.017	0.032	0.913	0.037	
 184 	  2  	  2  	0.021	0.033	0.885	0.061	
 185 	  2  	  2  	0.014	0.047	0.894	0.045	
 186 	  2  	  2  	0.023	0.043	0.902	0.032	
 187 	  2  	  2  	0.017	0.030	0.908	0.045	
 188 	  2  	  2  	0.021	0.035	0.898	0.046	
 189 	  2  	  2  	0.015	0.032	0.925	0.028	
 190 	  2  	  2  	0.016	0.043	0.912	0.029	
 191 	  2  	  2  	0.017	0.031	0.916	0.036	
 192 	  2  	  2  	0.020	0.047	0.897	0.036	
 193 	  2  	  2  	0.018	0.026	0.907	0.049	
 194 	  2  	  2  	0.015	0.037	0.924	0.023	
 195 	  2  	  2  	0.017	0.040	0.900	0.042	
 196 	  2  	  2  	0.013	0.024	0.933	0.029	
 197 	  2  	  2  	0.014	0.026	0.928	0.033	
 198 	  2  	  2  	0.017	0.030	0.920	0.033	
 199 	  2  	  2  	0.015	0.025	0.929	0.031	
 200 	  2  	  2  	0.013	0.036	0.919	0.033	
 201 	  2  	  2  	0.015	0.025	0.928	0.032	
 202 	  2  	  2  	0.014	0.036	0.914	0.036	
 203 	  2  	  2  	0.013	0.036	0.919	0.033	
 204 	  2  	  2  	0.012	0.032	0.923	0.032	
 205 	  2  	  2  	0.019	0.027	0.911	0.043	
 206 	  2  	  2  	0.015	0.036	0.909	0.040	
 207 	  2  	  2  	0.016	0.026	0.927	0.030	
 208 	  2  	  2  	0.017	0.032	0.919	0.032	
 209 	  2  	  2  	0.016	0.031	0.909	0.044	
 210 	  2  	  2  	0.024	0.032	0.881	0.063	
 211 	  2  	  2  	0.019	0.027	0.925	0.030	
 212 	  2  	  2  	0.016	0.039	0.909	0.036	
 213 	  2  	  2  	0.018	0.025	0.923	0.033	
 214 	  2  	  2  	0.021	0.043	0.905	0.031	
 215 	  2  	  2  	0.021	0.031	0.907	0.041	
 216 	  2  	  2  	0.020	0.031	0.906	0.043	
 217 	  2  	  2  	0.021	0.031	0.907	0.041	
 218 	  2  	  2  	0.020	0.031	0.906	0.043	
 219 	  2  	  2  	0.023	0.042	0.901	0.035	
 220 	  2  	  2  	0.016	0.045	0.902	0.037	
 221 	  2  	  2  	0.015	0.030	0.922	0.033	
 222 	  2  	  2  	0.022	0.039	0.902	0.038	
 223 	  2  	  2  	0.017	0.033	0.920	0.031	
 224 	  2  	  2  	0.016	0.045	0.902	0.037	
 225 	  2  	  2  	0.022	0.039	0.902	0.038	
 226 	  2  	  2  	0.021	0.048	0.871	0.060	
 227 	  2  	  2  	0.016	0.039	0.910	0.034	
 228 	  2  	  2  	0.013	0.043	0.895	0.049	
 229 	  2  	  2  	0.017	0.030	0.917	0.036	
 230 	  2  	  2  	0.012	0.037	0.902	0.048	
 231 	  2  	  2  	0.012	0.037	0.902	0.048	
 232 	  2  	  2  	0.013	0.043	0.895	0.049	
 233 	  2  	  2  	0.016	0.032	0.911	0.040	
 234 	  2  	  2  	0.027	0.059	0.885	0.029	
 235 	  2  	  2  	0.015	0.030	0.917	0.038	
 236 	  2  	  2  	0.017	0.058	0.900	0.025	
 237 	  2  	  2  	0.020	0.040	0.896	0.045	
 238 	  2  	  2  	0.017	0.027	0.924	0.032	
 239 	  2  	  2  	0.017	0.052	0.888	0.043	
 240 	  2  	  2  	0.019	0.023	0.921	0.037	
 241 	  2  	  2  	0.020	0.026	0.913	0.040	
 242 	  2  	  2  	0.018	0.026	0.916	0.039	
 243 	  2  	  2  	0.021	0.024	0.912	0.042	
 244 	  2  	  2  	0.017	0.038	0.913	0.032	
 245 	  2  	  2  	0.014	0.032	0.921	0.032	
 246 	  2  	  2  	0.017	0.025	0.924	0.034	
 247 	  2  	  2  	0.016	0.043	0.903	0.038	
 248 	  2  	  2  	0.016	0.032	0.918	0.034	
 249 	  2  	  2  	0.019	0.029	0.914	0.039	
 250 	  2  	  2  	0.018	0.032	0.916	0.034	
 251 	  2  	  2  	0.017	0.025	0.929	0.029	
 252 	  2  	  2  	0.018	0.027	0.916	0.039	
 253 	  2  	  2  	0.020	0.032	0.911	0.037	
 254 	  2  	  2  	0.018	0.034	0.917	0.031	
 255 	  2  	  2  	0.014	0.037	0.911	0.038	
 256 	  2  	  2  	0.019	0.024	0.915	0.042	
 257 	  2  	  2  	0.021	0.030	0.912	0.037	
 258 	  2  	  2  	0.019	0.033	0.909	0.039	
 259 	  2  	  2  	0.016	0.033	0.910	0.041	
 260 	  2  	  2  	0.015	0.033	0.924	0.028	
 261 	  3  	  3  	0.053	0.047	0.047	0.853	
 262 	  3  	  3  	0.054	0.048	0.047	0.851	
 263 	  3  	  3  	0.015	0.039	0.021	0.925	
 264 	  3  	  3  	0.017	0.067	0.046	0.870	
 265 	  3  	  3  	0.015	0.033	0.026	0.927	
 266 	  3  	  3  	0.012	0.045	0.036	0.907	
 267 	  3  	  3  	0.022	0.041	0.024	0.913	
 268 	  3  	  3  	0.016	0.036	0.036	0.913	
 269 	  3  	  3  	0.015	0.034	0.027	0.924	
 270 	  3  	  3  	0.015	0.043	0.048	0.895	
 271 	  3  	  3  	0.014	0.033	0.031	0.922	
 272 	  3  	  3  	0.013	0.038	0.026	0.923	
 273 	  3  	  3  	0.008	0.050	0.027	0.915	
 274 	  3  	  3  	0.015	0.027	0.033	0.926	
 275 	  3  	  3  	0.014	0.032	0.029	0.925	
 276 	  3  	  3  	0.012	0.062	0.037	0.889	
 277 	  3  	  3  	0.016	0.043	0.031	0.909	
 278 	  3  	  3  	0.015	0.035	0.027	0.923	
 279 	  3  	  3  	0.015	0.044	0.047	0.895	
 280 	  3  	  3  	0.017	0.023	0.039	0.921	
 281 	  3  	  3  	0.014	0.031	0.027	0.928	
 282 	  3  	  3  	0.010	0.048	0.028	0.914	
 283 	  3  	  3  	0.027	0.052	0.025	0.896	
 284 	  3  	  3  	0.015	0.022	0.038	0.925	
 285 	  3  	  3  	0.017	0.035	0.040	0.908	
 286 	  3  	  3  	0.015	0.037	0.027	0.921	
 287 	  0  	  3  	0.753	0.026	0.025	0.195	
 288 	  3  	  3  	0.025	0.021	0.048	0.906	
 289 	  3  	  3  	0.016	0.027	0.043	0.914	
 290 	  3  	  3  	0.014	0.044	0.041	0.901	
 291 	  3  	  3  	0.017	0.020	0.028	0.935	
 292 	  3  	  3  	0.016	0.020	0.026	0.937	
 293 	  3  	  3  	0.018	0.022	0.032	0.928	
 294 	  3  	  3  	0.021	0.023	0.052	0.904	
 295 	  3  	  3  	0.021	0.040	0.045	0.894	
 296 	  3  	  3  	0.014	0.032	0.034	0.920	
 297 	  3  	  3  	0.015	0.032	0.036	0.917	
 298 	  3  	  3  	0.020	0.026	0.024	0.930	
 299 	  3  	  3  	0.022	0.040	0.055	0.883	
 300 	  3  	  3  	0.017	0.056	0.027	0.900	
 301 	  3  	  3  	0.020	0.041	0.029	0.910	
 302 	  3  	  3  	0.022	0.027	0.031	0.920	
 303 	  3  	  3  	0.020	0.038	0.040	0.901	
 304 	  3  	  3  	0.017	0.026	0.028	0.930	
 305 	  3  	  3  	0.016	0.029	0.035	0.920	
 306 	  3  	  3  	0.022	0.025	0.027	0.927	
 307 	  3  	  3  	0.022	0.041	0.056	0.882	
 308 	  3  	  3  	0.016	0.030	0.035	0.919	
 309 	  3  	  3  	0.015	0.031	0.037	0.917	
 310 	  3  	  3  	0.018	0.019	0.039	0.924	
 311 	  3  	  3  	0.023	0.048	0.055	0.874	
 312 	  3  	  3  	0.016	0.018	0.037	0.928	
 313 	  3  	  3  	0.022	0.039	0.032	0.907	
 314 	  3  	  3  	0.019	0.025	0.038	0.918	
 315 	  3  	  3  	0.021	0.017	0.028	0.934	
 316 	  3  	  3  	0.018	0.021	0.040	0.920	
 317 	  3  	  3  	0.021	0.030	0.042	0.907	
 318 	  3  	  3  	0.016	0.063	0.023	0.897	
 319 	  3  	  3  	0.012	0.071	0.040	0.877	
 320 	  3  	  3  	0.019	0.023	0.034	0.924	
 321 	  3  	  3  	0.023	0.024	0.036	0.916	
 322 	  3  	  3  	0.015	0.020	0.038	0.927	
 323 	  3  	  3  	0.083	0.038	0.046	0.833	
 324 	  3  	  3  	0.017	0.017	0.026	0.940	
 325 	  3  	  3  	0.023	0.029	0.047	0.901	
 326 	  3  	  3  	0.015	0.022	0.032	0.931	
 327 	  3  	  3  	0.010	0.054	0.040	0.897	
 328 	  3  	  3  	0.018	0.019	0.026	0.937	
 329 	  3  	  3  	0.025	0.022	0.046	0.907	
 330 	  3  	  3  	0.012	0.036	0.018	0.933	
 331 	  3  	  3  	0.017	0.046	0.038	0.899	
 332 	  3  	  3  	0.018	0.023	0.038	0.921	
 333 	  3  	  3  	0.021	0.018	0.040	0.922	
 334 	  3  	  3  	0.019	0.024	0.034	0.923	
 335 	  3  	  3  	0.013	0.059	0.034	0.893	
 336 	  3  	  3  	0.019	0.021	0.037	0.923	
 337 	  3  	  3  	0.020	0.038	0.035	0.906	
 338 	  3  	  3  	0.015	0.024	0.052	0.909	
 339 	  3  	  3  	0.013	0.042	0.045	0.901	
 340 	  3  	  3  	0.021	0.020	0.038	0.921	
 341 	  3  	  3  	0.026	0.025	0.056	0.894	
 342 	  3  	  3  	0.013	0.032	0.022	0.933	
 343 	  3  	  3  	0.008	0.077	0.031	0.884	
 344 	  3  	  3  	0.025	0.026	0.039	0.911	
 345 	  3  	  3  	0.020	0.033	0.026	0.921	
 346 	  3  	  3  	0.016	0.027	0.027	0.930	
 347 	  3  	  3  	0.023	0.025	0.047	0.905	
 348 	  3  	  3  	0.019	0.038	0.024	0.919	
 349 	  3  	  3  	0.010	0.058	0.033	0.899	
 350 	  3  	  3  	0.015	0.026	0.052	0.907	
 351 	  3  	  3  	0.016	0.030	0.044	0.910	
 352 	  3  	  3  	0.019	0.047	0.034	0.900	
 353 	  3  	  3  	0.020	0.046	0.030	0.904	
 354 	  3  	  3  	0.015	0.040	0.033	0.912	
 355 	  3  	  3  	0.019	0.045	0.034	0.901	
 356 	  3  	  3  	0.026	0.042	0.034	0.898	
 357 	  3  	  3  	0.016	0.050	0.032	0.902	
 358 	  3  	  3  	0.012	0.052	0.032	0.904	
 359 	  3  	  3  	0.016	0.038	0.026	0.920	
 360 	  3  	  3  	0.019	0.035	0.031	0.914	
 361 	  3  	  3  	0.023	0.032	0.031	0.914	
 362 	  3  	  3  	0.020	0.036	0.030	0.913	
 363 	  3  	  3  	0.019	0.036	0.031	0.914	
 364 	  3  	  3  	0.023	0.037	0.032	0.909	
 365 	  3  	  3  	0.024	0.034	0.034	0.907	
 366 	  3  	  3  	0.016	0.037	0.040	0.907	
 367 	  3  	  3  	0.015	0.036	0.037	0.912	
 368 	  3  	  3  	0.035	0.022	0.037	0.907	
 369 	  3  	  3  	0.019	0.035	0.040	0.906	
 370 	  3  	  3  	0.024	0.034	0.034	0.907	
 371 	  3  	  3  	0.016	0.037	0.040	0.907	
 372 	  3  	  3  	0.020	0.036	0.030	0.913	
 373 	  3  	  3  	0.019	0.036	0.031	0.914	
 374 	  3  	  3  	0.023	0.037	0.032	0.909	
 375 	  3  	  3  	0.015	0.048	0.039	0.898	
 376 	  3  	  3  	0.016	0.030	0.042	0.913	
 377 	  3  	  3  	0.016	0.041	0.036	0.908	
 378 	  3  	  3  	0.029	0.029	0.030	0.912	
 379 	  3  	  3  	0.017	0.031	0.034	0.918	
 380 	  3  	  3  	0.017	0.032	0.041	0.910	
 381 	  3  	  3  	0.035	0.035	0.032	0.898	
 382 	  3  	  3  	0.020	0.045	0.027	0.908	
 383 	  3  	  3  	0.021	0.041	0.026	0.913	
 384 	  3  	  3  	0.018	0.054	0.031	0.898	
 385 	  3  	  3  	0.019	0.047	0.034	0.900	
 386 	  3  	  3  	0.020	0.046	0.030	0.904	
 387 	  3  	  3  	0.015	0.040	0.033	0.912	
 388 	  3  	  3  	0.020	0.051	0.027	0.903	
 389 	  3  	  3  	0.019	0.042	0.028	0.911	
 390 	  3  	  3  	0.014	0.039	0.037	0.911	
 391 	  3  	  3  	0.022	0.043	0.030	0.905	
 392 	  3  	  3  	0.019	0.036	0.026	0.918	
 393 	  3  	  3  	0.013	0.045	0.032	0.910	
 394 	  3  	  3  	0.017	0.050	0.027	0.906	
 395 	  3  	  3  	0.019	0.046	0.028	0.907	
 396 	  3  	  3  	0.020	0.089	0.042	0.850	
 397 	  3  	  3  	0.019	0.050	0.027	0.904	
 398 	  3  	  3  	0.019	0.035	0.026	0.919	
 399 	  3  	  3  	0.019	0.085	0.043	0.853	
 400 	  3  	  3  	0.018	0.048	0.027	0.908	
 401 	  3  	  3  	0.019	0.033	0.027	0.921	
 402 	  3  	  3  	0.016	0.049	0.038	0.897	
 403 	  3  	  3  	0.019	0.045	0.034	0.901	
 404 	  3  	  3  	0.026	0.042	0.034	0.898	
 405 	  3  	  3  	0.016	0.050	0.032	0.902	
 406 	  3  	  3  	0.133	0.052	0.038	0.777	
 407 	  3  	  3  	0.104	0.051	0.036	0.809	
 408 	  3  	  3  	0.133	0.052	0.038	0.777	
 409 	  3  	  3  	0.022	0.042	0.024	0.911	
 410 	  3  	  3  	0.104	0.050	0.036	0.810	
 411 	  3  	  3  	0.019	0.031	0.037	0.913	
 412 	  3  	  3  	0.019	0.039	0.030	0.913	
 413 	  3  	  3  	0.017	0.038	0.035	0.910	
 414 	  3  	  3  	0.021	0.033	0.033	0.913	
 415 	  3  	  3  	0.021	0.035	0.029	0.915	
 416 	  3  	  3  	0.015	0.040	0.042	0.903	
 417 	  3  	  3  	0.027	0.037	0.031	0.906	
 418 	  3  	  3  	0.017	0.035	0.038	0.910	
 419 	  3  	  3  	0.018	0.045	0.040	0.897	
 420 	  3  	  3  	0.020	0.033	0.035	0.913	
 421 	  3  	  3  	0.022	0.031	0.045	0.903	
 422 	  3  	  3  	0.013	0.041	0.043	0.903	
 423 	  3  	  3  	0.014	0.033	0.028	0.925	
 424 	  3  	  3  	0.012	0.039	0.026	0.923	
 425 	  3  	  3  	0.014	0.034	0.027	0.926	
 426 	  3  	  3  	0.019	0.039	0.029	0.913	
 427 	  3  	  3  	0.015	0.031	0.026	0.929	
 428 	  3  	  3  	0.021	0.033	0.041	0.905	
 429 	  3  	  3  	0.015	0.046	0.019	0.920	
 430 	  3  	  3  	0.015	0.036	0.026	0.923	
 431 	  3  	  3  	0.008	0.037	0.028	0.927	
 432 	  3  	  3  	0.028	0.045	0.040	0.886	
 433 	  3  	  3  	0.027	0.045	0.037	0.892	
 434 	  3  	  3  	0.032	0.041	0.035	0.892	
 435 	  3  	  3  	0.027	0.045	0.037	0.892	
 436 	  3  	  3  	0.032	0.041	0.035	0.892	
 437 	  3  	  3  	0.173	0.062	0.037	0.728	
 438 	  3  	  3  	0.183	0.063	0.034	0.720	
 439 	  3  	  3  	0.020	0.042	0.031	0.907	
 440 	  3  	  3  	0.017	0.058	0.027	0.899	
 441 	  3  	  3  	0.023	0.048	0.026	0.903	
 442 	  3  	  3  	0.021	0.040	0.028	0.911	
 443 	  3  	  3  	0.017	0.038	0.029	0.916	
 444 	  3  	  3  	0.015	0.030	0.034	0.922	
 445 	  3  	  3  	0.019	0.046	0.029	0.906	
 446 	  3  	  3  	0.015	0.052	0.027	0.907	
 447 	  3  	  3  	0.014	0.035	0.034	0.917	
 448 	  3  	  3  	0.029	0.043	0.034	0.894	
 449 	  3  	  3  	0.014	0.049	0.028	0.909	
 450 	  3  	  3  	0.014	0.035	0.034	0.917	
 451 	  3  	  3  	0.029	0.043	0.034	0.894	
 452 	  3  	  3  	0.014	0.049	0.028	0.909	
 453 	  3  	  3  	0.015	0.030	0.034	0.922	
 454 	  3  	  3  	0.019	0.046	0.029	0.906	
 455 	  3  	  3  	0.015	0.052	0.027	0.907	
 456 	  3  	  3  	0.021	0.036	0.039	0.904	
 457 	  3  	  3  	0.020	0.040	0.037	0.903	
 458 	  3  	  3  	0.033	0.045	0.035	0.888	
 459 	  3  	  3  	0.020	0.023	0.028	0.929	
 460 	  3  	  3  	0.014	0.043	0.023	0.920	
 461 	  3  	  3  	0.012	0.048	0.031	0.909	
 462 	  3  	  3  	0.037	0.037	0.046	0.881	
 463 	  3  	  3  	0.021	0.023	0.027	0.929	
 464 	  3  	  3  	0.014	0.034	0.026	0.926	
 465 	  3  	  3  	0.019	0.050	0.032	0.899	
 466 	  3  	  3  	0.021	0.024	0.038	0.917	
 467 	  3  	  3  	0.021	0.026	0.043	0.910	
 468 	  3  	  3  	0.016	0.029	0.040	0.915	
 469 	  3  	  3  	0.022	0.026	0.036	0.917	
 470 	  3  	  3  	0.018	0.031	0.036	0.916	
 471 	  3  	  3  	0.012	0.073	0.030	0.885	
 472 	  3  	  3  	0.028	0.025	0.034	0.914	
 473 	  3  	  3  	0.020	0.022	0.048	0.909	
 474 	  3  	  3  	0.014	0.037	0.040	0.909	
 475 	  3  	  3  	0.018	0.029	0.028	0.924	
 476 	  3  	  3  	0.024	0.027	0.045	0.904	
 477 	  3  	  3  	0.020	0.029	0.036	0.915	
 478 	  3  	  3  	0.014	0.036	0.028	0.922	
 479 	  3  	  3  	0.020	0.022	0.040	0.918	
 480 	  3  	  3  	0.024	0.029	0.057	0.890	
 481 	  3  	  3  	0.014	0.029	0.029	0.929	
 482 	  3  	  3  	0.018	0.043	0.035	0.904	
 483 	  3  	  3  	0.017	0.029	0.028	0.926	
 484 	  3  	  3  	0.015	0.034	0.041	0.911	
 485 	  3  	  3  	0.030	0.057	0.027	0.886	
 486 	  3  	  3  	0.019	0.018	0.043	0.920	
 487 	  3  	  3  	0.020	0.030	0.029	0.922	
 488 	  3  	  3  	0.017	0.025	0.035	0.923	
 489 	  3  	  3  	0.016	0.040	0.036	0.907	
 490 	  3  	  3  	0.021	0.025	0.047	0.907	
 491 	  3  	  3  	0.021	0.024	0.028	0.927	
 492 	  3  	  3  	0.015	0.026	0.034	0.926	
 493 	  3  	  3  	0.131	0.035	0.038	0.796	
 494 	  3  	  3  	0.023	0.024	0.032	0.921	
 495 	  3  	  3  	0.024	0.031	0.061	0.884	
 496 	  3  	  3  	0.013	0.030	0.026	0.932	
 497 	  3  	  3  	0.081	0.032	0.026	0.861	
 498 	  3  	  3  	0.016	0.045	0.034	0.905	
 499 	  3  	  3  	0.017	0.031	0.034	0.918	
 500 	  3  	  3  	0.041	0.051	0.032	0.876	
 501 	  3  	  3  	0.020	0.020	0.032	0.929	
 502 	  3  	  3  	0.019	0.028	0.043	0.911	
 503 	  3  	  3  	0.014	0.038	0.027	0.921	
 504 	  3  	  3  	0.018	0.016	0.035	0.932	
 505 	  3  	  3  	0.023	0.022	0.046	0.909	
 506 	  3  	  3  	0.014	0.033	0.036	0.916	
 507 	  3  	  3  	0.017	0.026	0.030	0.927	
 508 	  3  	  3  	0.018	0.024	0.058	0.900	
 509 	  3  	  3  	0.022	0.024	0.042	0.913	
 510 	  3  	  3  	0.021	0.018	0.035	0.926	
 511 	  3  	  3  	0.019	0.034	0.043	0.904	
 512 	  3  	  3  	0.016	0.025	0.026	0.933	
 513 	  3  	  3  	0.113	0.034	0.029	0.824	
 514 	  3  	  3  	0.026	0.052	0.033	0.889	
 515 	  3  	  3  	0.398	0.101	0.060	0.441	
 516 	  3  	  3  	0.015	0.066	0.025	0.894	
 517 	  3  	  3  	0.021	0.043	0.025	0.911	
 518 	  3  	  3  	0.244	0.210	0.043	0.504	
 519 	  3  	  3  	0.031	0.056	0.038	0.875	
 520 	  3  	  3  	0.081	0.045	0.058	0.816	
 521 	  3  	  3  	0.320	0.108	0.049	0.523	
 522 	  3  	  3  	0.016	0.068	0.024	0.892	
 523 	  3  	  3  	0.026	0.052	0.033	0.889	
 524 	  3  	  3  	0.341	0.093	0.044	0.521	
 525 	  3  	  3  	0.015	0.066	0.025	0.894	
 526 	  3  	  3  	0.025	0.047	0.032	0.896	
 527 	  3  	  3  	0.241	0.088	0.048	0.623	
 528 	  3  	  3  	0.015	0.068	0.023	0.894	
 529 	  3  	  3  	0.025	0.047	0.032	0.896	
 530 	  3  	  3  	0.241	0.088	0.048	0.623	
 531 	  3  	  3  	0.015	0.068	0.023	0.894	
 532 	  3  	  3  	0.088	0.048	0.057	0.807	
 533 	  3  	  3  	0.325	0.292	0.047	0.336	
 534 	  3  	  3  	0.015	0.065	0.024	0.896	
 535 	  3  	  3  	0.021	0.040	0.018	0.921	
 536 	  3  	  3  	0.087	0.366	0.045	0.503	
 537 	  3  	  3  	0.325	0.106	0.055	0.513	
 538 	  3  	  3  	0.034	0.042	0.050	0.874	
 539 	  0  	  0  	0.945	0.018	0.017	0.020	
 540 	  0  	  0  	0.907	0.035	0.019	0.039	
 541 	  0  	  0  	0.934	0.015	0.023	0.028	
 542 	  0  	  0  	0.907	0.023	0.026	0.045	
 543 	  0  	  0  	0.919	0.029	0.020	0.032	
 544 	  0  	  0  	0.945	0.018	0.017	0.020	
 545 	  0  	  0  	0.907	0.035	0.019	0.039	
 546 	  0  	  0  	0.934	0.015	0.023	0.028	
 547 	  0  	  0  	0.931	0.022	0.030	0.017	
 548 	  0  	  0  	0.924	0.019	0.027	0.030	
 549 	  0  	  0  	0.911	0.039	0.022	0.027	
 550 	  0  	  0  	0.901	0.049	0.019	0.030	
 551 	  0  	  0  	0.911	0.040	0.022	0.027	
 552 	  0  	  0  	0.929	0.021	0.031	0.019	
 553 	  0  	  0  	0.919	0.034	0.020	0.027	
 554 	  0  	  0  	0.916	0.023	0.033	0.029	
 555 	  0  	  0  	0.875	0.039	0.020	0.065	
 556 	  0  	  0  	0.934	0.018	0.027	0.021	
 557 	  0  	  0  	0.931	0.021	0.021	0.026	
 558 	  0  	  0  	0.924	0.024	0.025	0.028	
 559 	  0  	  0  	0.916	0.020	0.045	0.019	
 560 	  0  	  0  	0.931	0.022	0.023	0.024	
 561 	  0  	  0  	0.920	0.022	0.024	0.034	
 562 	  0  	  0  	0.940	0.013	0.025	0.022	
 563 	  0  	  0  	0.900	0.024	0.024	0.053	
 564 	  0  	  0  	0.926	0.031	0.026	0.018	
 565 	  0  	  0  	0.924	0.021	0.022	0.032	
 566 	  0  	  0  	0.912	0.029	0.034	0.026	
 567 	  0  	  0  	0.924	0.016	0.027	0.033	
 568 	  0  	  0  	0.924	0.027	0.024	0.025	
 569 	  0  	  0  	0.929	0.022	0.028	0.021	
 570 	  0  	  0  	0.928	0.025	0.019	0.029	
 571 	  0  	  0  	0.924	0.024	0.021	0.032	
 572 	  0  	  0  	0.901	0.035	0.037	0.027	
 573 	  0  	  0  	0.915	0.026	0.028	0.031	
 574 	  0  	  0  	0.929	0.021	0.030	0.020	
 575 	  0  	  0  	0.887	0.058	0.027	0.028	
 576 	  0  	  0  	0.927	0.028	0.020	0.025	
 577 	  0  	  0  	0.927	0.025	0.027	0.021	
 578 	  0  	  0  	0.949	0.014	0.019	0.018	
 579 	  0  	  0  	0.923	0.029	0.028	0.020	
 580 	  0  	  0  	0.919	0.030	0.020	0.032	
 581 	  0  	  0  	0.922	0.021	0.024	0.032	
 582 	  0  	  0  	0.921	0.029	0.029	0.021	
 583 	  0  	  0  	0.922	0.023	0.024	0.031	
 584 	  0  	  0  	0.921	0.026	0.023	0.030	
 585 	  0  	  0  	0.934	0.016	0.025	0.024	
 586 	  0  	  0  	0.927	0.021	0.019	0.033	
 587 	  0  	  0  	0.939	0.022	0.022	0.017	
 588 	  0  	  0  	0.928	0.022	0.018	0.032	
 589 	  0  	  0  	0.902	0.036	0.032	0.030	
 590 	  0  	  0  	0.898	0.024	0.021	0.056	
 591 	  0  	  0  	0.918	0.031	0.030	0.020	
 592 	  0  	  0  	0.929	0.024	0.026	0.020	
 593 	  0  	  0  	0.907	0.028	0.025	0.041	
 594 	  0  	  0  	0.920	0.038	0.021	0.022	
 595 	  0  	  0  	0.917	0.024	0.024	0.035	
 596 	  0  	  0  	0.903	0.035	0.033	0.030	
 597 	  0  	  0  	0.918	0.035	0.027	0.021	
 598 	  0  	  0  	0.915	0.023	0.027	0.035	
 599 	  0  	  0  	0.912	0.022	0.032	0.034	
 600 	  0  	  0  	0.912	0.037	0.019	0.032	
 601 	  0  	  0  	0.744	0.103	0.060	0.093	
 602 	  0  	  0  	0.933	0.023	0.026	0.018	
 603 	  0  	  0  	0.866	0.059	0.042	0.033	
 604 	  0  	  0  	0.938	0.017	0.026	0.020	
 605 	  0  	  0  	0.932	0.020	0.027	0.021	
 606 	  0  	  0  	0.917	0.021	0.040	0.022	
 607 	  0  	  0  	0.923	0.028	0.026	0.023	
 608 	  0  	  0  	0.926	0.028	0.024	0.022	
 609 	  0  	  0  	0.940	0.017	0.026	0.017	
 610 	  0  	  0  	0.881	0.030	0.036	0.053	
 611 	  0  	  0  	0.889	0.027	0.038	0.047	
 612 	  0  	  0  	0.855	0.033	0.045	0.067	
 613 	  0  	  0  	0.915	0.045	0.019	0.021	
 614 	  0  	  0  	0.916	0.045	0.018	0.021	
 615 	  0  	  0  	0.931	0.033	0.019	0.017	
 616 	  0  	  0  	0.878	0.024	0.038	0.060	
 617 	  0  	  0  	0.927	0.022	0.028	0.024	
 618 	  0  	  0  	0.936	0.021	0.020	0.022	
 619 	  0  	  0  	0.931	0.022	0.025	0.022	
 620 	  3  	  0  	0.159	0.059	0.090	0.692	
 621 	  0  	  0  	0.927	0.023	0.025	0.025	
 622 	  0  	  0  	0.929	0.023	0.025	0.023	
 623 	  0  	  0  	0.930	0.022	0.026	0.023	
 624 	  0  	  0  	0.929	0.020	0.028	0.023	
 625 	  0  	  0  	0.929	0.021	0.029	0.021	
 626 	  0  	  0  	0.934	0.021	0.022	0.023	
 627 	  0  	  0  	0.922	0.026	0.025	0.027	
 628 	  0  	  0  	0.920	0.024	0.027	0.029	
 629 	  0  	  0  	0.924	0.024	0.026	0.027	
 630 	  0  	  0  	0.932	0.023	0.023	0.022	
 631 	  0  	  0  	0.921	0.025	0.028	0.027	
 632 	  0  	  0  	0.928	0.019	0.026	0.026	
 633 	  0  	  0  	0.926	0.020	0.026	0.029	
 634 	  0  	  0  	0.926	0.021	0.029	0.025	
 635 	  0  	  0  	0.925	0.026	0.021	0.028	
 636 	  0  	  0  	0.919	0.031	0.019	0.031	
 637 	  0  	  0  	0.928	0.026	0.024	0.021	
 638 	  0  	  0  	0.919	0.019	0.039	0.023	
 639 	  0  	  0  	0.901	0.045	0.032	0.023	
 640 	  0  	  0  	0.895	0.035	0.040	0.030	
 641 	  0  	  0  	0.904	0.035	0.038	0.023	
 642 	  0  	  0  	0.904	0.046	0.030	0.021	
 643 	  0  	  0  	0.929	0.014	0.020	0.037	
 644 	  0  	  0  	0.931	0.025	0.024	0.020	
 645 	  0  	  0  	0.930	0.025	0.024	0.021	
 646 	  0  	  0  	0.902	0.040	0.038	0.020	
 647 	  0  	  0  	0.926	0.018	0.034	0.023	
 648 	  0  	  0  	0.926	0.016	0.035	0.023	
 649 	  0  	  0  	0.915	0.020	0.040	0.026	
 650 	  0  	  0  	0.924	0.029	0.026	0.022	
 651 	  0  	  0  	0.933	0.017	0.028	0.022	
 652 	  0  	  0  	0.929	0.017	0.033	0.021	
 653 	  0  	  0  	0.929	0.029	0.022	0.021	
 654 	  0  	  0  	0.911	0.035	0.025	0.030	
 655 	  0  	  0  	0.923	0.030	0.021	0.026	
 656 	  0  	  0  	0.929	0.029	0.021	0.020	
 657 	  0  	  0  	0.928	0.033	0.021	0.018	
 658 	  0  	  0  	0.928	0.025	0.022	0.025	
 659 	  0  	  0  	0.920	0.030	0.017	0.032	
 660 	  0  	  0  	0.867	0.074	0.021	0.038	
 661 	  0  	  0  	0.910	0.042	0.020	0.029	
 662 	  0  	  0  	0.924	0.031	0.018	0.028	
 663 	  0  	  0  	0.898	0.052	0.021	0.030	
 664 	  0  	  0  	0.920	0.035	0.019	0.026	
 665 	  0  	  0  	0.937	0.022	0.022	0.018	
 666 	  0  	  0  	0.935	0.023	0.022	0.020	
 667 	  0  	  0  	0.936	0.024	0.023	0.018	
 668 	  0  	  0  	0.935	0.022	0.023	0.019	
 669 	  0  	  0  	0.920	0.030	0.021	0.028	
 670 	  0  	  0  	0.936	0.023	0.022	0.019	
 671 	  0  	  0  	0.936	0.022	0.022	0.021	
 672 	  0  	  0  	0.929	0.023	0.020	0.028	
 673 	  0  	  0  	0.916	0.020	0.035	0.029	
 674 	  0  	  0  	0.917	0.036	0.024	0.023	
 675 	  0  	  0  	0.930	0.024	0.026	0.019	
 676 	  0  	  0  	0.903	0.030	0.045	0.022	
 677 	  0  	  0  	0.907	0.035	0.027	0.031	
 678 	  0  	  0  	0.894	0.043	0.028	0.035	
 679 	  0  	  0  	0.907	0.035	0.032	0.026	
 680 	  0  	  0  	0.935	0.018	0.023	0.024	
 681 	  0  	  0  	0.931	0.030	0.020	0.018	
 682 	  0  	  0  	0.932	0.023	0.023	0.022	
 683 	  0  	  0  	0.935	0.020	0.022	0.024	
 684 	  0  	  0  	0.913	0.035	0.028	0.025	
 685 	  0  	  0  	0.914	0.038	0.018	0.029	
 686 	  0  	  0  	0.929	0.028	0.021	0.022	
 687 	  0  	  0  	0.942	0.020	0.020	0.018	
 688 	  0  	  0  	0.926	0.024	0.022	0.028	
 689 	  0  	  0  	0.929	0.029	0.022	0.021	
 690 	  0  	  0  	0.910	0.035	0.025	0.030	
 691 	  0  	  0  	0.923	0.030	0.021	0.026	
 692 	  0  	  0  	0.943	0.022	0.021	0.014	
 693 	  0  	  0  	0.944	0.019	0.019	0.018	
 694 	  0  	  0  	0.917	0.030	0.031	0.023	
 695 	  0  	  0  	0.919	0.041	0.023	0.017	
 696 	  0  	  0  	0.937	0.025	0.020	0.018	
 697 	  0  	  0  	0.934	0.023	0.024	0.020	
 698 	  0  	  0  	0.927	0.027	0.023	0.023	
 699 	  0  	  0  	0.899	0.056	0.021	0.023	
 700 	  0  	  0  	0.924	0.028	0.021	0.027	
 701 	  0  	  0  	0.929	0.029	0.021	0.020	
 702 	  0  	  0  	0.928	0.033	0.021	0.018	
 703 	  0  	  0  	0.928	0.025	0.022	0.025	
 704 	  0  	  0  	0.950	0.018	0.016	0.016	
 705 	  0  	  0  	0.933	0.025	0.020	0.022	
 706 	  0  	  0  	0.937	0.022	0.022	0.020	
 707 	  0  	  0  	0.929	0.024	0.021	0.026	
 708 	  0  	  0  	0.938	0.022	0.021	0.020	
 709 	  0  	  0  	0.939	0.019	0.022	0.021	
 710 	  0  	  0  	0.919	0.031	0.023	0.027	
 711 	  0  	  0  	0.925	0.027	0.027	0.020	
 712 	  0  	  0  	0.950	0.018	0.016	0.016	
 713 	  0  	  0  	0.925	0.026	0.028	0.021	
 714 	  0  	  0  	0.955	0.016	0.014	0.016	
 715 	  0  	  0  	0.938	0.015	0.028	0.019	
 716 	  0  	  0  	0.939	0.019	0.024	0.019	
 717 	  0  	  0  	0.931	0.017	0.027	0.025	
 718 	  0  	  0  	0.913	0.017	0.034	0.036	
 719 	  0  	  0  	0.898	0.017	0.044	0.041	
 720 	  0  	  0  	0.921	0.017	0.031	0.031	
 721 	  0  	  0  	0.923	0.030	0.020	0.027	
 722 	  0  	  0  	0.910	0.016	0.042	0.031	
 723 	  0  	  0  	0.931	0.024	0.020	0.024	
 724 	  0  	  0  	0.926	0.017	0.032	0.026	
 725 	  0  	  0  	0.937	0.019	0.022	0.022	
 726 	  0  	  0  	0.917	0.025	0.035	0.022	
 727 	  0  	  0  	0.929	0.023	0.026	0.021	
 728 	  0  	  0  	0.942	0.018	0.020	0.020	
 729 	  0  	  0  	0.901	0.014	0.050	0.036	
 730 	  0  	  0  	0.922	0.026	0.031	0.022	
 731 	  0  	  0  	0.936	0.024	0.018	0.022	
 732 	  0  	  0  	0.931	0.015	0.029	0.026	
 733 	  0  	  0  	0.938	0.020	0.021	0.020	
 734 	  0  	  0  	0.942	0.019	0.022	0.017	
 735 	  0  	  0  	0.927	0.024	0.028	0.022	
 736 	  0  	  0  	0.919	0.021	0.029	0.031	
 737 	  0  	  0  	0.908	0.022	0.046	0.024	
 738 	  0  	  0  	0.896	0.034	0.028	0.042	
 739 	  0  	  0  	0.931	0.020	0.026	0.023	
 740 	  0  	  0  	0.919	0.022	0.035	0.024	
 741 	  0  	  0  	0.923	0.026	0.019	0.031	
 742 	  0  	  0  	0.933	0.024	0.022	0.020	
 743 	  0  	  0  	0.937	0.022	0.020	0.020	
 744 	  0  	  0  	0.929	0.026	0.023	0.022	
 745 	  0  	  0  	0.913	0.026	0.027	0.034	
 746 	  0  	  0  	0.894	0.049	0.028	0.030	
 747 	  0  	  0  	0.923	0.030	0.024	0.022	
 748 	  0  	  0  	0.926	0.027	0.024	0.023	
 749 	  0  	  0  	0.934	0.018	0.023	0.024	
 750 	  0  	  0  	0.934	0.021	0.024	0.020	
 751 	  0  	  0  	0.915	0.016	0.033	0.036	
 752 	  0  	  0  	0.922	0.024	0.031	0.022	
 753 	  0  	  0  	0.934	0.018	0.023	0.024	
 754 	  0  	  0  	0.923	0.015	0.028	0.034	
 755 	  0  	  0  	0.930	0.020	0.029	0.021	
 756 	  0  	  0  	0.934	0.021	0.024	0.020	
 757 	  0  	  0  	0.926	0.021	0.034	0.020	
 758 	  0  	  0  	0.867	0.037	0.068	0.029	
 759 	  0  	  0  	0.934	0.017	0.023	0.027	
 760 	  0  	  0  	0.913	0.018	0.044	0.025	
 761 	  0  	  0  	0.924	0.020	0.031	0.025	
 762 	  0  	  0  	0.937	0.016	0.023	0.024	
 763 	  0  	  0  	0.960	0.014	0.012	0.014	
 764 	  0  	  0  	0.960	0.013	0.013	0.014	
 765 	  0  	  0  	0.929	0.024	0.022	0.025	
 766 	  0  	  0  	0.953	0.018	0.014	0.015	
 767 	  0  	  0  	0.929	0.018	0.026	0.027	
 768 	  0  	  0  	0.953	0.018	0.014	0.015	
 769 	  0  	  0  	0.874	0.028	0.042	0.056	
 770 	  0  	  0  	0.923	0.030	0.028	0.018	
 771 	  0  	  0  	0.960	0.014	0.012	0.014	
 772 	  0  	  0  	0.905	0.040	0.035	0.021	
 773 	  0  	  0  	0.960	0.013	0.013	0.014	
 774 	  0  	  0  	0.930	0.020	0.021	0.029	
 775 	  0  	  0  	0.913	0.031	0.023	0.033	
 776 	  0  	  0  	0.929	0.024	0.022	0.025	
 777 	  0  	  0  	0.953	0.018	0.014	0.015	
 778 	  0  	  0  	0.926	0.020	0.026	0.029	
 779 	  0  	  0  	0.929	0.018	0.026	0.027	
 780 	  0  	  0  	0.953	0.018	0.014	0.015	
 781 	  0  	  0  	0.920	0.021	0.029	0.030	
 782 	  0  	  0  	0.909	0.028	0.030	0.033	
 783 	  0  	  0  	0.921	0.018	0.034	0.028	
 784 	  0  	  0  	0.915	0.028	0.024	0.032	
 785 	  0  	  0  	0.922	0.027	0.026	0.025	
 786 	  0  	  0  	0.932	0.020	0.025	0.023	
 787 	  0  	  0  	0.889	0.052	0.025	0.034	
 788 	  0  	  0  	0.879	0.060	0.026	0.035	
 789 	  0  	  0  	0.907	0.051	0.021	0.021	
 790 	  0  	  0  	0.917	0.034	0.025	0.025	
 791 	  0  	  0  	0.908	0.033	0.027	0.033	
 792 	  0  	  0  	0.927	0.025	0.021	0.027	
 793 	  0  	  0  	0.918	0.023	0.030	0.029	
 794 	  0  	  0  	0.962	0.006	0.017	0.016	
 795 	  0  	  0  	0.915	0.038	0.019	0.028	
 796 	  0  	  0  	0.934	0.020	0.024	0.022	
 797 	  0  	  0  	0.778	0.039	0.049	0.134	
 798 	  0  	  0  	0.934	0.022	0.023	0.020	
 799 	  0  	  0  	0.914	0.018	0.019	0.049	
 800 	  0  	  0  	0.929	0.024	0.021	0.025	
 801 	  0  	  0  	0.927	0.016	0.017	0.039	
 802 	  0  	  0  	0.925	0.021	0.027	0.027	
 803 	  0  	  0  	0.913	0.020	0.025	0.042	
 804 	  0  	  0  	0.919	0.029	0.020	0.033	
 805 	  0  	  0  	0.938	0.018	0.022	0.022	
 806 	  0  	  0  	0.928	0.022	0.029	0.021	
 807 	  0  	  0  	0.966	0.012	0.011	0.011	
 808 	  0  	  0  	0.926	0.026	0.023	0.025	
 809 	  0  	  0  	0.929	0.015	0.031	0.025	
 810 	  0  	  0  	0.926	0.031	0.019	0.025	
 811 	  0  	  0  	0.924	0.027	0.025	0.024	
 812 	  0  	  0  	0.929	0.026	0.022	0.022	
 813 	  0  	  0  	0.912	0.045	0.019	0.025	
 814 	  0  	  0  	0.929	0.024	0.022	0.025	
 815 	  0  	  0  	0.932	0.018	0.031	0.020	
 816 	  0  	  0  	0.917	0.024	0.037	0.022	
 817 	  0  	  0  	0.929	0.025	0.020	0.026	
 818 	  0  	  0  	0.912	0.024	0.028	0.035	
 819 	  0  	  0  	0.904	0.032	0.017	0.047	
 820 	  0  	  0  	0.930	0.022	0.025	0.023	
 821 	  0  	  0  	0.926	0.028	0.025	0.021	
 822 	  0  	  0  	0.929	0.023	0.023	0.025	
 823 	  0  	  0  	0.919	0.033	0.023	0.026	
 824 	  0  	  0  	0.924	0.016	0.026	0.035	
 825 	  0  	  0  	0.881	0.050	0.025	0.044	
 826 	  0  	  0  	0.916	0.042	0.020	0.022	
 827 	  0  	  0  	0.919	0.019	0.036	0.026	
 828 	  0  	  0  	0.903	0.018	0.040	0.039	
 829 	  0  	  0  	0.958	0.018	0.012	0.012	
 830 	  0  	  0  	0.925	0.025	0.023	0.027	
 831 	  0  	  0  	0.926	0.026	0.028	0.020	
 832 	  0  	  0  	0.961	0.013	0.012	0.014	
 833 	  0  	  0  	0.931	0.024	0.024	0.021	
 834 	  0  	  0  	0.926	0.027	0.023	0.023	
 835 	  0  	  0  	0.886	0.023	0.036	0.055	
 836 	  0  	  0  	0.923	0.027	0.026	0.023	
 837 	  0  	  0  	0.931	0.018	0.025	0.025	
 838 	  0  	  0  	0.927	0.024	0.023	0.026	
 839 	  0  	  0  	0.928	0.023	0.022	0.027	
 840 	  0  	  0  	0.857	0.036	0.026	0.081	
 841 	  0  	  0  	0.927	0.021	0.027	0.025	
 842 	  0  	  0  	0.930	0.022	0.027	0.021	
 843 	  0  	  0  	0.730	0.195	0.041	0.034	
 844 	  0  	  0  	0.804	0.113	0.028	0.055	
 845 	  0  	  0  	0.848	0.087	0.041	0.024	
 846 	  0  	  0  	0.756	0.170	0.045	0.030	
 847 	  0  	  0  	0.877	0.054	0.047	0.022	
 848 	  0  	  0  	0.670	0.027	0.100	0.204	
 849 	  0  	  0  	0.877	0.054	0.047	0.022	
 850 	  0  	  0  	0.670	0.027	0.100	0.204	
 851 	  0  	  0  	0.920	0.031	0.031	0.018	
 852 	  0  	  0  	0.835	0.017	0.058	0.091	
 853 	  0  	  0  	0.832	0.105	0.037	0.026	
 854 	  0  	  0  	0.645	0.045	0.032	0.278	
