  no	pred	real	Good	Contact	Radius	Hole
  0  	  1  	  1  	0.016	0.902	0.044	0.038	
  1  	  1  	  1  	0.014	0.910	0.029	0.046	
  2  	  1  	  1  	0.012	0.901	0.047	0.041	
  3  	  1  	  1  	0.021	0.906	0.026	0.047	
  4  	  1  	  1  	0.016	0.902	0.044	0.038	
  5  	  1  	  1  	0.014	0.910	0.029	0.046	
  6  	  1  	  1  	0.012	0.894	0.056	0.038	
  7  	  1  	  1  	0.010	0.914	0.024	0.052	
  8  	  1  	  1  	0.036	0.890	0.040	0.034	
  9  	  1  	  1  	0.023	0.839	0.091	0.047	
 10  	  1  	  1  	0.023	0.726	0.207	0.044	
 11  	  1  	  1  	0.022	0.909	0.036	0.033	
 12  	  1  	  1  	0.011	0.891	0.051	0.047	
 13  	  1  	  1  	0.008	0.906	0.027	0.059	
 14  	  1  	  1  	0.018	0.915	0.031	0.036	
 15  	  1  	  1  	0.048	0.784	0.138	0.030	
 16  	  1  	  1  	0.016	0.901	0.048	0.035	
 17  	  1  	  1  	0.011	0.943	0.018	0.028	
 18  	  1  	  1  	0.078	0.779	0.074	0.069	
 19  	  1  	  1  	0.018	0.903	0.022	0.057	
 20  	  1  	  1  	0.007	0.899	0.017	0.076	
 21  	  1  	  1  	0.016	0.886	0.017	0.080	
 22  	  1  	  1  	0.012	0.888	0.038	0.061	
 23  	  1  	  1  	0.010	0.912	0.037	0.041	
 24  	  1  	  1  	0.006	0.920	0.046	0.028	
 25  	  1  	  1  	0.013	0.930	0.031	0.026	
 26  	  1  	  1  	0.012	0.956	0.013	0.019	
 27  	  1  	  1  	0.013	0.917	0.039	0.031	
 28  	  1  	  1  	0.013	0.940	0.020	0.027	
 29  	  1  	  1  	0.010	0.957	0.012	0.021	
 30  	  1  	  1  	0.021	0.884	0.067	0.028	
 31  	  1  	  1  	0.018	0.936	0.023	0.023	
 32  	  1  	  1  	0.012	0.939	0.023	0.025	
 33  	  1  	  1  	0.025	0.926	0.020	0.029	
 34  	  1  	  1  	0.013	0.939	0.027	0.021	
 35  	  1  	  1  	0.013	0.940	0.019	0.028	
 36  	  1  	  1  	0.012	0.943	0.020	0.025	
 37  	  1  	  1  	0.008	0.941	0.019	0.032	
 38  	  1  	  1  	0.013	0.814	0.114	0.059	
 39  	  1  	  1  	0.021	0.891	0.043	0.045	
 40  	  1  	  1  	0.020	0.888	0.048	0.044	
 41  	  1  	  1  	0.020	0.929	0.018	0.033	
 42  	  1  	  1  	0.008	0.941	0.019	0.032	
 43  	  1  	  1  	0.021	0.891	0.043	0.045	
 44  	  1  	  1  	0.020	0.888	0.048	0.044	
 45  	  1  	  1  	0.020	0.929	0.018	0.033	
 46  	  1  	  1  	0.010	0.913	0.032	0.045	
 47  	  1  	  1  	0.021	0.886	0.050	0.044	
 48  	  1  	  1  	0.031	0.873	0.052	0.044	
 49  	  1  	  1  	0.018	0.933	0.021	0.028	
 50  	  1  	  1  	0.025	0.917	0.031	0.027	
 51  	  1  	  1  	0.011	0.934	0.024	0.031	
 52  	  1  	  1  	0.013	0.929	0.034	0.025	
 53  	  1  	  1  	0.002	0.982	0.008	0.007	
 54  	  1  	  1  	0.011	0.934	0.024	0.031	
 55  	  1  	  1  	0.013	0.929	0.034	0.025	
 56  	  1  	  1  	0.002	0.982	0.008	0.007	
 57  	  1  	  1  	0.009	0.930	0.027	0.034	
 58  	  1  	  1  	0.016	0.912	0.028	0.044	
 59  	  1  	  1  	0.031	0.871	0.052	0.046	
 60  	  1  	  1  	0.020	0.920	0.018	0.042	
 61  	  1  	  1  	0.048	0.794	0.041	0.117	
 62  	  1  	  1  	0.022	0.896	0.020	0.062	
 63  	  1  	  1  	0.020	0.854	0.099	0.026	
 64  	  1  	  1  	0.048	0.794	0.041	0.117	
 65  	  1  	  1  	0.015	0.921	0.043	0.022	
 66  	  1  	  1  	0.021	0.858	0.057	0.064	
 67  	  1  	  1  	0.030	0.845	0.097	0.028	
 68  	  1  	  1  	0.018	0.824	0.048	0.111	
 69  	  1  	  1  	0.031	0.713	0.239	0.017	
 70  	  1  	  1  	0.018	0.876	0.044	0.062	
 71  	  1  	  1  	0.010	0.903	0.058	0.030	
 72  	  1  	  1  	0.050	0.869	0.043	0.038	
 73  	  1  	  1  	0.013	0.792	0.153	0.042	
 74  	  1  	  1  	0.016	0.932	0.019	0.032	
 75  	  1  	  1  	0.021	0.515	0.348	0.116	
 76  	  1  	  1  	0.060	0.870	0.037	0.034	
 77  	  1  	  1  	0.017	0.930	0.019	0.034	
 78  	  1  	  1  	0.007	0.868	0.073	0.052	
 79  	  1  	  1  	0.007	0.882	0.053	0.058	
 80  	  1  	  1  	0.011	0.894	0.037	0.058	
 81  	  1  	  1  	0.012	0.912	0.033	0.043	
 82  	  1  	  1  	0.075	0.820	0.072	0.033	
 83  	  1  	  1  	0.021	0.909	0.048	0.022	
 84  	  1  	  1  	0.021	0.864	0.064	0.050	
 85  	  1  	  1  	0.043	0.852	0.087	0.018	
 86  	  1  	  1  	0.047	0.825	0.083	0.045	
 87  	  1  	  1  	0.026	0.882	0.073	0.019	
 88  	  1  	  1  	0.015	0.871	0.072	0.042	
 89  	  1  	  1  	0.001	0.975	0.009	0.015	
 90  	  1  	  1  	0.009	0.909	0.043	0.038	
 91  	  1  	  1  	0.016	0.799	0.141	0.044	
 92  	  1  	  1  	0.016	0.920	0.028	0.036	
 93  	  1  	  1  	0.083	0.857	0.034	0.026	
 94  	  1  	  1  	0.027	0.917	0.039	0.017	
 95  	  1  	  1  	0.010	0.844	0.099	0.046	
 96  	  1  	  1  	0.016	0.930	0.030	0.024	
 97  	  1  	  1  	0.003	0.973	0.012	0.011	
 98  	  1  	  1  	0.011	0.887	0.056	0.046	
 99  	  1  	  1  	0.022	0.889	0.047	0.042	
 100 	  1  	  1  	0.048	0.913	0.022	0.016	
 101 	  1  	  1  	0.027	0.863	0.044	0.067	
 102 	  1  	  1  	0.007	0.922	0.032	0.039	
 103 	  1  	  1  	0.029	0.886	0.026	0.058	
 104 	  1  	  1  	0.022	0.912	0.043	0.023	
 105 	  1  	  1  	0.007	0.911	0.022	0.060	
 106 	  1  	  1  	0.011	0.897	0.049	0.043	
 107 	  1  	  1  	0.024	0.905	0.024	0.047	
 108 	  1  	  1  	0.013	0.906	0.018	0.063	
 109 	  1  	  1  	0.034	0.917	0.027	0.023	
 110 	  1  	  1  	0.010	0.929	0.036	0.025	
 111 	  1  	  1  	0.017	0.899	0.051	0.033	
 112 	  1  	  1  	0.006	0.948	0.040	0.006	
 113 	  1  	  1  	0.017	0.816	0.082	0.085	
 114 	  1  	  1  	0.011	0.816	0.127	0.046	
 115 	  1  	  1  	0.005	0.937	0.027	0.031	
 116 	  1  	  1  	0.070	0.581	0.111	0.238	
 117 	  1  	  1  	0.022	0.884	0.030	0.064	
 118 	  1  	  1  	0.016	0.902	0.049	0.033	
 119 	  1  	  1  	0.015	0.912	0.032	0.040	
 120 	  1  	  1  	0.030	0.865	0.054	0.051	
 121 	  1  	  1  	0.031	0.924	0.020	0.025	
 122 	  1  	  1  	0.019	0.925	0.030	0.026	
 123 	  1  	  1  	0.015	0.917	0.024	0.044	
 124 	  1  	  1  	0.024	0.876	0.052	0.048	
 125 	  1  	  1  	0.039	0.916	0.022	0.023	
 126 	  1  	  1  	0.011	0.908	0.041	0.039	
 127 	  1  	  1  	0.021	0.922	0.026	0.032	
 128 	  1  	  1  	0.026	0.865	0.051	0.057	
 129 	  1  	  1  	0.003	0.973	0.012	0.012	
 130 	  1  	  1  	0.008	0.904	0.045	0.043	
 131 	  1  	  1  	0.065	0.849	0.039	0.046	
 132 	  1  	  1  	0.005	0.911	0.019	0.065	
 133 	  1  	  1  	0.021	0.932	0.026	0.021	
 134 	  1  	  1  	0.011	0.921	0.037	0.031	
 135 	  1  	  1  	0.016	0.935	0.029	0.020	
 136 	  1  	  1  	0.005	0.967	0.012	0.016	
 137 	  1  	  1  	0.013	0.900	0.017	0.070	
 138 	  1  	  1  	0.014	0.905	0.026	0.055	
 139 	  1  	  1  	0.016	0.684	0.249	0.050	
 140 	  1  	  1  	0.007	0.818	0.114	0.061	
 141 	  1  	  1  	0.026	0.665	0.196	0.113	
 142 	  1  	  1  	0.097	0.850	0.036	0.017	
 143 	  3  	  1  	0.161	0.126	0.092	0.622	
 144 	  1  	  1  	0.027	0.904	0.052	0.017	
 145 	  1  	  1  	0.090	0.828	0.059	0.023	
 146 	  2  	  2  	0.017	0.042	0.911	0.030	
 147 	  2  	  2  	0.012	0.012	0.959	0.017	
 148 	  2  	  2  	0.008	0.021	0.947	0.024	
 149 	  2  	  2  	0.011	0.021	0.933	0.034	
 150 	  2  	  2  	0.012	0.014	0.957	0.017	
 151 	  2  	  2  	0.016	0.013	0.956	0.015	
 152 	  2  	  2  	0.012	0.012	0.940	0.037	
 153 	  2  	  2  	0.013	0.019	0.953	0.016	
 154 	  2  	  2  	0.016	0.025	0.917	0.042	
 155 	  2  	  2  	0.018	0.015	0.945	0.021	
 156 	  2  	  2  	0.012	0.013	0.960	0.015	
 157 	  2  	  2  	0.015	0.019	0.955	0.012	
 158 	  2  	  2  	0.022	0.007	0.965	0.007	
 159 	  2  	  2  	0.012	0.006	0.973	0.008	
 160 	  2  	  2  	0.019	0.013	0.959	0.009	
 161 	  2  	  2  	0.028	0.031	0.920	0.021	
 162 	  2  	  2  	0.019	0.035	0.928	0.018	
 163 	  2  	  2  	0.020	0.029	0.931	0.020	
 164 	  2  	  2  	0.012	0.012	0.960	0.015	
 165 	  2  	  2  	0.013	0.035	0.936	0.016	
 166 	  2  	  2  	0.015	0.019	0.947	0.018	
 167 	  2  	  2  	0.026	0.091	0.869	0.015	
 168 	  2  	  2  	0.016	0.010	0.957	0.017	
 169 	  2  	  2  	0.011	0.010	0.959	0.020	
 170 	  2  	  2  	0.014	0.011	0.958	0.018	
 171 	  2  	  2  	0.013	0.009	0.967	0.012	
 172 	  2  	  2  	0.020	0.013	0.948	0.019	
 173 	  2  	  2  	0.014	0.008	0.966	0.013	
 174 	  2  	  2  	0.019	0.012	0.901	0.068	
 175 	  2  	  2  	0.031	0.018	0.927	0.023	
 176 	  2  	  2  	0.011	0.014	0.950	0.025	
 177 	  2  	  2  	0.026	0.050	0.882	0.041	
 178 	  2  	  2  	0.012	0.006	0.958	0.024	
 179 	  2  	  2  	0.013	0.009	0.957	0.021	
 180 	  2  	  2  	0.014	0.025	0.944	0.017	
 181 	  2  	  2  	0.011	0.014	0.950	0.025	
 182 	  2  	  2  	0.012	0.079	0.845	0.063	
 183 	  2  	  2  	0.012	0.006	0.959	0.023	
 184 	  2  	  2  	0.012	0.010	0.954	0.024	
 185 	  2  	  2  	0.027	0.025	0.908	0.040	
 186 	  2  	  2  	0.019	0.019	0.951	0.011	
 187 	  2  	  2  	0.015	0.013	0.959	0.013	
 188 	  2  	  2  	0.022	0.011	0.962	0.006	
 189 	  2  	  2  	0.021	0.011	0.958	0.010	
 190 	  2  	  2  	0.039	0.038	0.911	0.013	
 191 	  2  	  2  	0.035	0.018	0.929	0.018	
 192 	  2  	  2  	0.043	0.035	0.905	0.017	
 193 	  2  	  2  	0.011	0.024	0.937	0.028	
 194 	  2  	  2  	0.008	0.010	0.972	0.009	
 195 	  2  	  2  	0.015	0.017	0.948	0.020	
 196 	  2  	  2  	0.021	0.009	0.962	0.007	
 197 	  2  	  2  	0.016	0.012	0.952	0.021	
 198 	  2  	  2  	0.013	0.017	0.959	0.011	
 199 	  2  	  2  	0.011	0.021	0.952	0.015	
 200 	  2  	  2  	0.012	0.011	0.961	0.017	
 201 	  2  	  2  	0.015	0.021	0.946	0.018	
 202 	  2  	  2  	0.013	0.015	0.952	0.020	
 203 	  2  	  2  	0.012	0.011	0.961	0.017	
 204 	  2  	  2  	0.013	0.017	0.956	0.015	
 205 	  2  	  2  	0.055	0.011	0.875	0.060	
 206 	  2  	  2  	0.025	0.013	0.911	0.051	
 207 	  2  	  2  	0.029	0.014	0.915	0.042	
 208 	  2  	  2  	0.021	0.011	0.942	0.026	
 209 	  2  	  2  	0.011	0.011	0.956	0.022	
 210 	  2  	  2  	0.013	0.029	0.922	0.036	
 211 	  2  	  2  	0.011	0.024	0.950	0.015	
 212 	  2  	  2  	0.016	0.018	0.935	0.031	
 213 	  2  	  2  	0.018	0.024	0.939	0.020	
 214 	  2  	  2  	0.010	0.005	0.966	0.018	
 215 	  2  	  2  	0.014	0.008	0.957	0.020	
 216 	  2  	  2  	0.008	0.006	0.971	0.016	
 217 	  2  	  2  	0.014	0.008	0.957	0.020	
 218 	  2  	  2  	0.008	0.006	0.971	0.016	
 219 	  2  	  2  	0.010	0.008	0.969	0.013	
 220 	  2  	  2  	0.010	0.015	0.960	0.015	
 221 	  2  	  2  	0.018	0.039	0.920	0.023	
 222 	  2  	  2  	0.011	0.010	0.960	0.019	
 223 	  2  	  2  	0.012	0.028	0.919	0.041	
 224 	  2  	  2  	0.010	0.015	0.960	0.015	
 225 	  2  	  2  	0.011	0.010	0.960	0.019	
 226 	  2  	  2  	0.014	0.018	0.924	0.044	
 227 	  2  	  2  	0.010	0.010	0.965	0.016	
 228 	  2  	  2  	0.010	0.026	0.924	0.040	
 229 	  2  	  2  	0.010	0.032	0.935	0.023	
 230 	  2  	  2  	0.011	0.024	0.921	0.044	
 231 	  2  	  2  	0.011	0.024	0.921	0.044	
 232 	  2  	  2  	0.010	0.026	0.924	0.040	
 233 	  2  	  2  	0.022	0.034	0.930	0.014	
 234 	  2  	  2  	0.019	0.039	0.929	0.013	
 235 	  2  	  2  	0.023	0.040	0.921	0.016	
 236 	  2  	  2  	0.012	0.013	0.967	0.008	
 237 	  2  	  2  	0.013	0.016	0.958	0.014	
 238 	  2  	  2  	0.012	0.009	0.964	0.015	
 239 	  2  	  2  	0.015	0.051	0.882	0.052	
 240 	  2  	  2  	0.012	0.015	0.953	0.019	
 241 	  2  	  2  	0.013	0.013	0.953	0.021	
 242 	  2  	  2  	0.012	0.032	0.929	0.027	
 243 	  2  	  2  	0.016	0.030	0.918	0.037	
 244 	  2  	  2  	0.015	0.017	0.932	0.035	
 245 	  2  	  2  	0.014	0.055	0.903	0.028	
 246 	  2  	  2  	0.012	0.028	0.940	0.020	
 247 	  2  	  2  	0.013	0.017	0.945	0.025	
 248 	  2  	  2  	0.013	0.027	0.944	0.017	
 249 	  2  	  2  	0.015	0.023	0.944	0.019	
 250 	  2  	  2  	0.014	0.009	0.959	0.018	
 251 	  2  	  2  	0.011	0.018	0.950	0.020	
 252 	  2  	  2  	0.015	0.009	0.963	0.013	
 253 	  2  	  2  	0.041	0.015	0.937	0.007	
 254 	  2  	  2  	0.011	0.011	0.931	0.047	
 255 	  2  	  2  	0.017	0.050	0.909	0.024	
 256 	  2  	  2  	0.013	0.012	0.957	0.017	
 257 	  2  	  2  	0.020	0.014	0.959	0.007	
 258 	  2  	  2  	0.011	0.012	0.958	0.019	
 259 	  2  	  2  	0.018	0.033	0.922	0.026	
 260 	  2  	  2  	0.016	0.010	0.965	0.008	
 261 	  3  	  3  	0.031	0.031	0.045	0.892	
 262 	  3  	  3  	0.011	0.134	0.053	0.802	
 263 	  3  	  3  	0.005	0.017	0.020	0.957	
 264 	  3  	  3  	0.012	0.020	0.035	0.932	
 265 	  3  	  3  	0.006	0.027	0.023	0.943	
 266 	  3  	  3  	0.008	0.015	0.051	0.927	
 267 	  3  	  3  	0.010	0.020	0.049	0.921	
 268 	  3  	  3  	0.013	0.043	0.046	0.897	
 269 	  3  	  3  	0.012	0.012	0.031	0.946	
 270 	  3  	  3  	0.008	0.015	0.032	0.946	
 271 	  3  	  3  	0.008	0.026	0.055	0.911	
 272 	  3  	  3  	0.010	0.020	0.037	0.933	
 273 	  3  	  3  	0.005	0.013	0.024	0.959	
 274 	  3  	  3  	0.010	0.021	0.030	0.939	
 275 	  3  	  3  	0.009	0.010	0.020	0.962	
 276 	  3  	  3  	0.007	0.011	0.022	0.960	
 277 	  3  	  3  	0.024	0.031	0.021	0.925	
 278 	  3  	  3  	0.006	0.012	0.022	0.960	
 279 	  3  	  3  	0.008	0.017	0.032	0.944	
 280 	  3  	  3  	0.008	0.021	0.021	0.949	
 281 	  3  	  3  	0.012	0.018	0.045	0.925	
 282 	  3  	  3  	0.003	0.009	0.014	0.975	
 283 	  3  	  3  	0.017	0.036	0.043	0.904	
 284 	  3  	  3  	0.009	0.029	0.019	0.944	
 285 	  3  	  3  	0.013	0.036	0.076	0.876	
 286 	  3  	  3  	0.013	0.097	0.041	0.850	
 287 	  3  	  3  	0.195	0.013	0.020	0.772	
 288 	  3  	  3  	0.005	0.020	0.016	0.958	
 289 	  3  	  3  	0.021	0.029	0.035	0.915	
 290 	  3  	  3  	0.014	0.097	0.072	0.817	
 291 	  3  	  3  	0.015	0.012	0.031	0.941	
 292 	  3  	  3  	0.018	0.014	0.054	0.914	
 293 	  3  	  3  	0.011	0.021	0.021	0.947	
 294 	  3  	  3  	0.030	0.022	0.074	0.874	
 295 	  3  	  3  	0.015	0.044	0.053	0.888	
 296 	  3  	  3  	0.012	0.036	0.034	0.919	
 297 	  3  	  3  	0.040	0.091	0.038	0.831	
 298 	  3  	  3  	0.019	0.017	0.034	0.931	
 299 	  3  	  3  	0.020	0.025	0.120	0.834	
 300 	  3  	  3  	0.119	0.061	0.077	0.742	
 301 	  3  	  3  	0.003	0.090	0.024	0.883	
 302 	  3  	  3  	0.023	0.016	0.037	0.924	
 303 	  3  	  3  	0.014	0.030	0.056	0.899	
 304 	  3  	  3  	0.012	0.024	0.045	0.919	
 305 	  3  	  3  	0.036	0.075	0.041	0.849	
 306 	  3  	  3  	0.025	0.013	0.059	0.904	
 307 	  3  	  3  	0.019	0.029	0.067	0.885	
 308 	  3  	  3  	0.010	0.021	0.049	0.920	
 309 	  3  	  3  	0.030	0.059	0.054	0.857	
 310 	  3  	  3  	0.022	0.012	0.074	0.892	
 311 	  3  	  3  	0.023	0.053	0.056	0.868	
 312 	  3  	  3  	0.010	0.015	0.026	0.949	
 313 	  3  	  3  	0.011	0.019	0.016	0.955	
 314 	  3  	  3  	0.014	0.015	0.071	0.900	
 315 	  3  	  3  	0.013	0.015	0.027	0.945	
 316 	  3  	  3  	0.009	0.012	0.017	0.962	
 317 	  3  	  3  	0.026	0.045	0.120	0.809	
 318 	  3  	  3  	0.023	0.028	0.081	0.868	
 319 	  3  	  3  	0.007	0.070	0.026	0.898	
 320 	  3  	  3  	0.013	0.015	0.015	0.957	
 321 	  3  	  3  	0.009	0.029	0.017	0.945	
 322 	  3  	  3  	0.019	0.075	0.022	0.884	
 323 	  3  	  3  	0.008	0.040	0.019	0.932	
 324 	  3  	  3  	0.012	0.005	0.043	0.940	
 325 	  3  	  3  	0.012	0.047	0.083	0.857	
 326 	  3  	  3  	0.021	0.050	0.024	0.904	
 327 	  3  	  3  	0.019	0.037	0.093	0.852	
 328 	  3  	  3  	0.011	0.008	0.025	0.957	
 329 	  3  	  3  	0.012	0.019	0.043	0.926	
 330 	  3  	  3  	0.019	0.114	0.027	0.840	
 331 	  3  	  3  	0.009	0.059	0.059	0.873	
 332 	  3  	  3  	0.016	0.010	0.035	0.939	
 333 	  3  	  3  	0.035	0.013	0.095	0.857	
 334 	  3  	  3  	0.049	0.039	0.030	0.882	
 335 	  3  	  3  	0.014	0.051	0.036	0.898	
 336 	  3  	  3  	0.008	0.007	0.033	0.952	
 337 	  3  	  3  	0.008	0.032	0.058	0.902	
 338 	  3  	  3  	0.018	0.044	0.126	0.811	
 339 	  3  	  3  	0.033	0.030	0.042	0.896	
 340 	  3  	  3  	0.018	0.011	0.053	0.918	
 341 	  3  	  3  	0.011	0.028	0.035	0.926	
 342 	  3  	  3  	0.013	0.066	0.015	0.906	
 343 	  3  	  3  	0.014	0.064	0.089	0.833	
 344 	  3  	  3  	0.027	0.016	0.041	0.917	
 345 	  3  	  3  	0.010	0.015	0.035	0.940	
 346 	  3  	  3  	0.013	0.019	0.027	0.942	
 347 	  3  	  3  	0.029	0.020	0.038	0.912	
 348 	  3  	  3  	0.019	0.040	0.020	0.921	
 349 	  3  	  3  	0.034	0.017	0.036	0.913	
 350 	  3  	  3  	0.028	0.015	0.037	0.921	
 351 	  3  	  3  	0.020	0.008	0.039	0.933	
 352 	  3  	  3  	0.013	0.015	0.050	0.922	
 353 	  3  	  3  	0.016	0.023	0.026	0.935	
 354 	  3  	  3  	0.036	0.026	0.076	0.862	
 355 	  3  	  3  	0.016	0.016	0.056	0.912	
 356 	  3  	  3  	0.017	0.024	0.038	0.920	
 357 	  3  	  3  	0.024	0.034	0.063	0.879	
 358 	  3  	  3  	0.010	0.028	0.026	0.936	
 359 	  3  	  3  	0.011	0.022	0.018	0.949	
 360 	  3  	  3  	0.016	0.015	0.078	0.890	
 361 	  3  	  3  	0.016	0.023	0.041	0.919	
 362 	  3  	  3  	0.020	0.020	0.048	0.912	
 363 	  3  	  3  	0.024	0.020	0.072	0.884	
 364 	  3  	  3  	0.022	0.037	0.047	0.894	
 365 	  3  	  3  	0.041	0.026	0.071	0.862	
 366 	  3  	  3  	0.014	0.024	0.057	0.905	
 367 	  3  	  3  	0.013	0.026	0.052	0.910	
 368 	  3  	  3  	0.017	0.011	0.039	0.932	
 369 	  3  	  3  	0.022	0.027	0.070	0.881	
 370 	  3  	  3  	0.041	0.026	0.071	0.862	
 371 	  3  	  3  	0.014	0.024	0.057	0.905	
 372 	  3  	  3  	0.020	0.020	0.048	0.912	
 373 	  3  	  3  	0.024	0.020	0.072	0.884	
 374 	  3  	  3  	0.022	0.037	0.047	0.894	
 375 	  3  	  3  	0.017	0.024	0.055	0.905	
 376 	  3  	  3  	0.016	0.026	0.017	0.941	
 377 	  3  	  3  	0.012	0.021	0.040	0.927	
 378 	  3  	  3  	0.013	0.036	0.025	0.925	
 379 	  3  	  3  	0.030	0.047	0.022	0.901	
 380 	  3  	  3  	0.015	0.022	0.027	0.936	
 381 	  3  	  3  	0.022	0.020	0.054	0.904	
 382 	  3  	  3  	0.011	0.022	0.032	0.935	
 383 	  3  	  3  	0.009	0.032	0.027	0.932	
 384 	  3  	  3  	0.024	0.029	0.064	0.882	
 385 	  3  	  3  	0.013	0.015	0.050	0.922	
 386 	  3  	  3  	0.016	0.023	0.026	0.935	
 387 	  3  	  3  	0.036	0.026	0.076	0.862	
 388 	  3  	  3  	0.008	0.022	0.025	0.946	
 389 	  3  	  3  	0.011	0.041	0.018	0.930	
 390 	  3  	  3  	0.025	0.033	0.051	0.891	
 391 	  3  	  3  	0.014	0.015	0.051	0.919	
 392 	  3  	  3  	0.012	0.024	0.030	0.934	
 393 	  3  	  3  	0.025	0.039	0.048	0.889	
 394 	  3  	  3  	0.011	0.021	0.029	0.939	
 395 	  3  	  3  	0.013	0.043	0.019	0.925	
 396 	  3  	  3  	0.005	0.046	0.024	0.925	
 397 	  3  	  3  	0.009	0.027	0.026	0.937	
 398 	  3  	  3  	0.014	0.038	0.023	0.925	
 399 	  3  	  3  	0.008	0.050	0.035	0.907	
 400 	  3  	  3  	0.008	0.027	0.031	0.934	
 401 	  3  	  3  	0.010	0.027	0.023	0.941	
 402 	  3  	  3  	0.018	0.033	0.069	0.880	
 403 	  3  	  3  	0.016	0.016	0.056	0.912	
 404 	  3  	  3  	0.017	0.024	0.038	0.920	
 405 	  3  	  3  	0.024	0.034	0.063	0.879	
 406 	  3  	  3  	0.001	0.022	0.013	0.964	
 407 	  3  	  3  	0.001	0.022	0.013	0.964	
 408 	  3  	  3  	0.001	0.022	0.013	0.964	
 409 	  3  	  3  	0.009	0.029	0.037	0.924	
 410 	  3  	  3  	0.001	0.023	0.013	0.962	
 411 	  3  	  3  	0.020	0.018	0.040	0.921	
 412 	  3  	  3  	0.019	0.018	0.041	0.923	
 413 	  3  	  3  	0.009	0.033	0.027	0.931	
 414 	  3  	  3  	0.017	0.026	0.050	0.907	
 415 	  3  	  3  	0.020	0.021	0.040	0.919	
 416 	  3  	  3  	0.008	0.032	0.039	0.921	
 417 	  3  	  3  	0.024	0.059	0.034	0.883	
 418 	  3  	  3  	0.026	0.021	0.038	0.915	
 419 	  3  	  3  	0.011	0.025	0.037	0.927	
 420 	  3  	  3  	0.021	0.029	0.061	0.888	
 421 	  3  	  3  	0.020	0.017	0.036	0.927	
 422 	  3  	  3  	0.007	0.036	0.033	0.923	
 423 	  3  	  3  	0.008	0.016	0.020	0.956	
 424 	  3  	  3  	0.016	0.021	0.047	0.916	
 425 	  3  	  3  	0.006	0.013	0.020	0.960	
 426 	  3  	  3  	0.017	0.018	0.055	0.911	
 427 	  3  	  3  	0.009	0.015	0.030	0.946	
 428 	  3  	  3  	0.011	0.020	0.038	0.931	
 429 	  3  	  3  	0.008	0.027	0.025	0.941	
 430 	  3  	  3  	0.011	0.030	0.025	0.935	
 431 	  3  	  3  	0.000	0.005	0.003	0.991	
 432 	  3  	  3  	0.001	0.014	0.013	0.972	
 433 	  3  	  3  	0.014	0.024	0.033	0.929	
 434 	  3  	  3  	0.014	0.028	0.035	0.923	
 435 	  3  	  3  	0.014	0.024	0.033	0.929	
 436 	  3  	  3  	0.014	0.028	0.035	0.923	
 437 	  3  	  3  	0.035	0.008	0.018	0.939	
 438 	  3  	  3  	0.037	0.008	0.018	0.937	
 439 	  3  	  3  	0.018	0.043	0.037	0.902	
 440 	  3  	  3  	0.007	0.059	0.028	0.906	
 441 	  3  	  3  	0.024	0.046	0.042	0.889	
 442 	  3  	  3  	0.016	0.053	0.044	0.887	
 443 	  3  	  3  	0.011	0.057	0.036	0.896	
 444 	  3  	  3  	0.011	0.019	0.030	0.940	
 445 	  3  	  3  	0.022	0.043	0.055	0.880	
 446 	  3  	  3  	0.008	0.040	0.022	0.929	
 447 	  3  	  3  	0.009	0.018	0.033	0.940	
 448 	  3  	  3  	0.019	0.032	0.071	0.879	
 449 	  3  	  3  	0.010	0.044	0.025	0.922	
 450 	  3  	  3  	0.009	0.018	0.033	0.940	
 451 	  3  	  3  	0.019	0.032	0.071	0.879	
 452 	  3  	  3  	0.010	0.044	0.025	0.922	
 453 	  3  	  3  	0.011	0.019	0.030	0.940	
 454 	  3  	  3  	0.022	0.043	0.055	0.880	
 455 	  3  	  3  	0.008	0.040	0.022	0.929	
 456 	  3  	  3  	0.032	0.025	0.025	0.917	
 457 	  3  	  3  	0.059	0.025	0.029	0.887	
 458 	  3  	  3  	0.014	0.025	0.030	0.931	
 459 	  3  	  3  	0.008	0.032	0.011	0.950	
 460 	  3  	  3  	0.004	0.035	0.013	0.948	
 461 	  3  	  3  	0.015	0.025	0.037	0.923	
 462 	  3  	  3  	0.027	0.027	0.048	0.898	
 463 	  3  	  3  	0.007	0.018	0.010	0.965	
 464 	  3  	  3  	0.004	0.020	0.024	0.952	
 465 	  3  	  3  	0.025	0.020	0.038	0.917	
 466 	  3  	  3  	0.012	0.013	0.036	0.939	
 467 	  3  	  3  	0.015	0.015	0.049	0.921	
 468 	  3  	  3  	0.017	0.031	0.026	0.926	
 469 	  3  	  3  	0.007	0.026	0.013	0.954	
 470 	  3  	  3  	0.014	0.053	0.025	0.908	
 471 	  3  	  3  	0.013	0.184	0.080	0.722	
 472 	  3  	  3  	0.005	0.023	0.021	0.951	
 473 	  3  	  3  	0.028	0.039	0.025	0.908	
 474 	  3  	  3  	0.005	0.120	0.076	0.799	
 475 	  3  	  3  	0.014	0.011	0.018	0.957	
 476 	  3  	  3  	0.012	0.025	0.036	0.927	
 477 	  3  	  3  	0.034	0.072	0.043	0.851	
 478 	  3  	  3  	0.025	0.033	0.036	0.907	
 479 	  3  	  3  	0.017	0.017	0.029	0.937	
 480 	  3  	  3  	0.015	0.031	0.068	0.886	
 481 	  3  	  3  	0.011	0.106	0.016	0.867	
 482 	  3  	  3  	0.019	0.083	0.049	0.849	
 483 	  3  	  3  	0.035	0.078	0.028	0.859	
 484 	  3  	  3  	0.014	0.014	0.023	0.948	
 485 	  3  	  3  	0.014	0.049	0.024	0.913	
 486 	  3  	  3  	0.010	0.004	0.071	0.914	
 487 	  3  	  3  	0.010	0.049	0.053	0.888	
 488 	  3  	  3  	0.030	0.063	0.031	0.877	
 489 	  3  	  3  	0.047	0.037	0.045	0.871	
 490 	  3  	  3  	0.012	0.020	0.022	0.946	
 491 	  3  	  3  	0.007	0.042	0.013	0.939	
 492 	  3  	  3  	0.020	0.060	0.023	0.898	
 493 	  3  	  3  	0.079	0.011	0.021	0.889	
 494 	  3  	  3  	0.015	0.012	0.023	0.950	
 495 	  3  	  3  	0.015	0.076	0.024	0.885	
 496 	  3  	  3  	0.014	0.070	0.016	0.899	
 497 	  3  	  3  	0.068	0.009	0.016	0.907	
 498 	  3  	  3  	0.015	0.051	0.039	0.895	
 499 	  3  	  3  	0.025	0.028	0.041	0.906	
 500 	  3  	  3  	0.023	0.029	0.031	0.918	
 501 	  3  	  3  	0.018	0.022	0.016	0.944	
 502 	  3  	  3  	0.015	0.022	0.029	0.934	
 503 	  3  	  3  	0.030	0.154	0.044	0.771	
 504 	  3  	  3  	0.012	0.012	0.085	0.891	
 505 	  3  	  3  	0.026	0.042	0.026	0.906	
 506 	  3  	  3  	0.008	0.248	0.057	0.687	
 507 	  3  	  3  	0.011	0.018	0.036	0.935	
 508 	  3  	  3  	0.025	0.019	0.085	0.871	
 509 	  3  	  3  	0.009	0.021	0.024	0.945	
 510 	  3  	  3  	0.012	0.005	0.054	0.928	
 511 	  3  	  3  	0.013	0.029	0.068	0.889	
 512 	  3  	  3  	0.040	0.045	0.028	0.887	
 513 	  3  	  3  	0.061	0.011	0.020	0.908	
 514 	  3  	  3  	0.004	0.033	0.034	0.930	
 515 	  3  	  3  	0.071	0.107	0.029	0.793	
 516 	  3  	  3  	0.006	0.018	0.038	0.938	
 517 	  3  	  3  	0.006	0.033	0.029	0.931	
 518 	  3  	  3  	0.082	0.029	0.079	0.810	
 519 	  3  	  3  	0.021	0.037	0.068	0.874	
 520 	  3  	  3  	0.013	0.018	0.036	0.933	
 521 	  3  	  3  	0.063	0.043	0.032	0.861	
 522 	  3  	  3  	0.007	0.017	0.050	0.926	
 523 	  3  	  3  	0.004	0.033	0.034	0.930	
 524 	  3  	  3  	0.079	0.123	0.029	0.769	
 525 	  3  	  3  	0.006	0.018	0.038	0.938	
 526 	  3  	  3  	0.004	0.035	0.037	0.924	
 527 	  3  	  3  	0.075	0.050	0.036	0.839	
 528 	  3  	  3  	0.006	0.018	0.040	0.936	
 529 	  3  	  3  	0.004	0.035	0.037	0.924	
 530 	  3  	  3  	0.075	0.050	0.036	0.839	
 531 	  3  	  3  	0.006	0.018	0.040	0.936	
 532 	  3  	  3  	0.018	0.015	0.037	0.930	
 533 	  3  	  3  	0.079	0.044	0.049	0.828	
 534 	  3  	  3  	0.007	0.018	0.044	0.932	
 535 	  3  	  3  	0.003	0.026	0.020	0.951	
 536 	  3  	  3  	0.052	0.020	0.099	0.829	
 537 	  0  	  3  	0.326	0.222	0.237	0.215	
 538 	  3  	  3  	0.020	0.058	0.046	0.876	
 539 	  0  	  0  	0.984	0.010	0.003	0.002	
 540 	  0  	  0  	0.954	0.009	0.019	0.019	
 541 	  0  	  0  	0.988	0.004	0.004	0.004	
 542 	  0  	  0  	0.979	0.004	0.007	0.009	
 543 	  0  	  0  	0.976	0.004	0.009	0.010	
 544 	  0  	  0  	0.984	0.010	0.003	0.002	
 545 	  0  	  0  	0.954	0.009	0.019	0.019	
 546 	  0  	  0  	0.988	0.004	0.004	0.004	
 547 	  0  	  0  	0.954	0.020	0.014	0.011	
 548 	  0  	  0  	0.960	0.009	0.012	0.019	
 549 	  0  	  0  	0.879	0.045	0.022	0.053	
 550 	  0  	  0  	0.732	0.161	0.044	0.063	
 551 	  0  	  0  	0.904	0.039	0.016	0.042	
 552 	  0  	  0  	0.949	0.018	0.019	0.014	
 553 	  0  	  0  	0.794	0.046	0.092	0.068	
 554 	  0  	  0  	0.931	0.007	0.023	0.039	
 555 	  0  	  0  	0.973	0.006	0.011	0.009	
 556 	  0  	  0  	0.936	0.010	0.030	0.024	
 557 	  0  	  0  	0.884	0.029	0.026	0.061	
 558 	  0  	  0  	0.957	0.010	0.022	0.010	
 559 	  0  	  0  	0.939	0.011	0.025	0.025	
 560 	  0  	  0  	0.890	0.041	0.022	0.047	
 561 	  0  	  0  	0.947	0.011	0.021	0.020	
 562 	  0  	  0  	0.971	0.010	0.005	0.014	
 563 	  0  	  0  	0.965	0.014	0.007	0.014	
 564 	  0  	  0  	0.951	0.017	0.017	0.015	
 565 	  0  	  0  	0.968	0.012	0.005	0.015	
 566 	  0  	  0  	0.871	0.023	0.059	0.046	
 567 	  0  	  0  	0.967	0.014	0.005	0.014	
 568 	  0  	  0  	0.953	0.012	0.022	0.013	
 569 	  0  	  0  	0.938	0.019	0.029	0.014	
 570 	  0  	  0  	0.988	0.003	0.003	0.006	
 571 	  0  	  0  	0.499	0.029	0.075	0.396	
 572 	  0  	  0  	0.835	0.026	0.064	0.075	
 573 	  0  	  0  	0.877	0.032	0.044	0.046	
 574 	  0  	  0  	0.930	0.039	0.021	0.010	
 575 	  0  	  0  	0.986	0.005	0.004	0.005	
 576 	  0  	  0  	0.949	0.016	0.018	0.017	
 577 	  0  	  0  	0.970	0.007	0.010	0.013	
 578 	  0  	  0  	0.992	0.002	0.002	0.003	
 579 	  0  	  0  	0.958	0.017	0.016	0.010	
 580 	  0  	  0  	0.927	0.029	0.015	0.028	
 581 	  0  	  0  	0.946	0.023	0.014	0.017	
 582 	  0  	  0  	0.960	0.015	0.015	0.009	
 583 	  0  	  0  	0.944	0.020	0.012	0.024	
 584 	  0  	  0  	0.927	0.024	0.020	0.029	
 585 	  0  	  0  	0.982	0.006	0.006	0.006	
 586 	  0  	  0  	0.971	0.011	0.005	0.012	
 587 	  0  	  0  	0.963	0.013	0.009	0.015	
 588 	  0  	  0  	0.974	0.011	0.005	0.010	
 589 	  0  	  0  	0.781	0.068	0.098	0.052	
 590 	  0  	  0  	0.978	0.007	0.004	0.010	
 591 	  0  	  0  	0.972	0.011	0.010	0.007	
 592 	  0  	  0  	0.969	0.016	0.010	0.005	
 593 	  0  	  0  	0.951	0.022	0.011	0.016	
 594 	  0  	  0  	0.967	0.015	0.011	0.007	
 595 	  0  	  0  	0.913	0.023	0.018	0.045	
 596 	  0  	  0  	0.894	0.026	0.038	0.042	
 597 	  0  	  0  	0.963	0.014	0.015	0.009	
 598 	  0  	  0  	0.918	0.037	0.020	0.025	
 599 	  0  	  0  	0.931	0.031	0.020	0.019	
 600 	  0  	  0  	0.868	0.025	0.070	0.036	
 601 	  0  	  0  	0.886	0.019	0.062	0.033	
 602 	  0  	  0  	0.948	0.017	0.019	0.015	
 603 	  0  	  0  	0.966	0.018	0.009	0.006	
 604 	  0  	  0  	0.844	0.023	0.056	0.077	
 605 	  0  	  0  	0.860	0.013	0.045	0.082	
 606 	  0  	  0  	0.928	0.016	0.042	0.014	
 607 	  0  	  0  	0.969	0.011	0.013	0.008	
 608 	  0  	  0  	0.973	0.008	0.010	0.009	
 609 	  0  	  0  	0.935	0.017	0.031	0.017	
 610 	  0  	  0  	0.687	0.025	0.075	0.213	
 611 	  0  	  0  	0.755	0.017	0.126	0.102	
 612 	  0  	  0  	0.786	0.021	0.086	0.107	
 613 	  0  	  0  	0.976	0.008	0.005	0.011	
 614 	  0  	  0  	0.980	0.007	0.005	0.008	
 615 	  0  	  0  	0.974	0.008	0.006	0.011	
 616 	  0  	  0  	0.873	0.051	0.026	0.050	
 617 	  0  	  0  	0.916	0.031	0.015	0.038	
 618 	  0  	  0  	0.922	0.028	0.018	0.031	
 619 	  0  	  0  	0.967	0.011	0.011	0.012	
 620 	  0  	  0  	0.748	0.032	0.046	0.174	
 621 	  0  	  0  	0.955	0.016	0.014	0.015	
 622 	  0  	  0  	0.958	0.016	0.010	0.016	
 623 	  0  	  0  	0.961	0.014	0.012	0.013	
 624 	  0  	  0  	0.949	0.015	0.015	0.020	
 625 	  0  	  0  	0.964	0.011	0.014	0.011	
 626 	  0  	  0  	0.958	0.013	0.016	0.012	
 627 	  0  	  0  	0.950	0.016	0.019	0.015	
 628 	  0  	  0  	0.955	0.015	0.013	0.017	
 629 	  0  	  0  	0.955	0.016	0.018	0.012	
 630 	  0  	  0  	0.956	0.014	0.019	0.011	
 631 	  0  	  0  	0.956	0.016	0.016	0.012	
 632 	  0  	  0  	0.936	0.019	0.029	0.016	
 633 	  0  	  0  	0.943	0.016	0.019	0.023	
 634 	  0  	  0  	0.964	0.013	0.009	0.014	
 635 	  0  	  0  	0.922	0.027	0.022	0.029	
 636 	  0  	  0  	0.942	0.015	0.016	0.027	
 637 	  0  	  0  	0.963	0.012	0.013	0.012	
 638 	  0  	  0  	0.855	0.040	0.076	0.029	
 639 	  0  	  0  	0.944	0.020	0.023	0.013	
 640 	  0  	  0  	0.877	0.030	0.084	0.010	
 641 	  0  	  0  	0.905	0.023	0.055	0.018	
 642 	  0  	  0  	0.865	0.058	0.043	0.035	
 643 	  0  	  0  	0.878	0.023	0.027	0.072	
 644 	  0  	  0  	0.961	0.010	0.022	0.007	
 645 	  0  	  0  	0.961	0.011	0.019	0.009	
 646 	  0  	  0  	0.915	0.037	0.037	0.012	
 647 	  0  	  0  	0.960	0.019	0.013	0.009	
 648 	  0  	  0  	0.956	0.023	0.012	0.009	
 649 	  0  	  0  	0.884	0.013	0.089	0.014	
 650 	  0  	  0  	0.956	0.020	0.015	0.008	
 651 	  0  	  0  	0.955	0.022	0.014	0.010	
 652 	  0  	  0  	0.950	0.009	0.030	0.012	
 653 	  0  	  0  	0.919	0.020	0.020	0.041	
 654 	  0  	  0  	0.946	0.021	0.019	0.015	
 655 	  0  	  0  	0.943	0.012	0.015	0.030	
 656 	  0  	  0  	0.881	0.041	0.018	0.060	
 657 	  0  	  0  	0.927	0.025	0.017	0.031	
 658 	  0  	  0  	0.944	0.013	0.016	0.027	
 659 	  0  	  0  	0.986	0.007	0.003	0.004	
 660 	  0  	  0  	0.973	0.012	0.007	0.007	
 661 	  0  	  0  	0.979	0.009	0.006	0.006	
 662 	  0  	  0  	0.973	0.015	0.007	0.005	
 663 	  0  	  0  	0.962	0.019	0.010	0.009	
 664 	  0  	  0  	0.969	0.014	0.009	0.008	
 665 	  0  	  0  	0.970	0.009	0.011	0.010	
 666 	  0  	  0  	0.972	0.008	0.010	0.010	
 667 	  0  	  0  	0.972	0.007	0.011	0.009	
 668 	  0  	  0  	0.974	0.006	0.011	0.009	
 669 	  0  	  0  	0.972	0.010	0.009	0.009	
 670 	  0  	  0  	0.971	0.008	0.011	0.010	
 671 	  0  	  0  	0.973	0.008	0.011	0.008	
 672 	  0  	  0  	0.976	0.007	0.008	0.009	
 673 	  0  	  0  	0.937	0.021	0.020	0.021	
 674 	  0  	  0  	0.964	0.011	0.013	0.012	
 675 	  0  	  0  	0.914	0.015	0.045	0.026	
 676 	  0  	  0  	0.944	0.022	0.021	0.013	
 677 	  0  	  0  	0.967	0.011	0.010	0.012	
 678 	  0  	  0  	0.962	0.013	0.010	0.015	
 679 	  0  	  0  	0.976	0.006	0.009	0.010	
 680 	  0  	  0  	0.955	0.011	0.010	0.024	
 681 	  0  	  0  	0.931	0.031	0.025	0.013	
 682 	  0  	  0  	0.956	0.016	0.013	0.014	
 683 	  0  	  0  	0.952	0.022	0.013	0.014	
 684 	  0  	  0  	0.949	0.014	0.016	0.020	
 685 	  0  	  0  	0.911	0.023	0.022	0.044	
 686 	  0  	  0  	0.917	0.025	0.020	0.038	
 687 	  0  	  0  	0.924	0.015	0.031	0.030	
 688 	  0  	  0  	0.935	0.013	0.019	0.032	
 689 	  0  	  0  	0.919	0.020	0.020	0.041	
 690 	  0  	  0  	0.946	0.020	0.019	0.015	
 691 	  0  	  0  	0.943	0.012	0.015	0.030	
 692 	  0  	  0  	0.967	0.018	0.007	0.008	
 693 	  0  	  0  	0.946	0.026	0.018	0.011	
 694 	  0  	  0  	0.899	0.040	0.031	0.029	
 695 	  0  	  0  	0.937	0.031	0.011	0.021	
 696 	  0  	  0  	0.961	0.018	0.016	0.006	
 697 	  0  	  0  	0.905	0.043	0.028	0.024	
 698 	  0  	  0  	0.894	0.032	0.021	0.053	
 699 	  0  	  0  	0.968	0.013	0.008	0.011	
 700 	  0  	  0  	0.939	0.013	0.017	0.031	
 701 	  0  	  0  	0.881	0.041	0.018	0.060	
 702 	  0  	  0  	0.927	0.025	0.017	0.031	
 703 	  0  	  0  	0.944	0.013	0.016	0.027	
 704 	  0  	  0  	0.990	0.003	0.003	0.004	
 705 	  0  	  0  	0.970	0.012	0.011	0.008	
 706 	  0  	  0  	0.958	0.015	0.017	0.010	
 707 	  0  	  0  	0.868	0.074	0.020	0.038	
 708 	  0  	  0  	0.981	0.007	0.006	0.005	
 709 	  0  	  0  	0.953	0.018	0.018	0.011	
 710 	  0  	  0  	0.945	0.019	0.010	0.025	
 711 	  0  	  0  	0.950	0.021	0.014	0.014	
 712 	  0  	  0  	0.990	0.003	0.003	0.004	
 713 	  0  	  0  	0.964	0.014	0.011	0.011	
 714 	  0  	  0  	0.991	0.002	0.003	0.004	
 715 	  0  	  0  	0.931	0.020	0.023	0.025	
 716 	  0  	  0  	0.964	0.012	0.015	0.009	
 717 	  0  	  0  	0.970	0.006	0.008	0.016	
 718 	  0  	  0  	0.971	0.008	0.007	0.014	
 719 	  0  	  0  	0.971	0.006	0.010	0.013	
 720 	  0  	  0  	0.960	0.008	0.010	0.021	
 721 	  0  	  0  	0.971	0.010	0.009	0.010	
 722 	  0  	  0  	0.965	0.011	0.006	0.018	
 723 	  0  	  0  	0.973	0.009	0.009	0.009	
 724 	  0  	  0  	0.969	0.011	0.007	0.013	
 725 	  0  	  0  	0.949	0.022	0.009	0.020	
 726 	  0  	  0  	0.983	0.010	0.004	0.003	
 727 	  0  	  0  	0.909	0.024	0.028	0.039	
 728 	  0  	  0  	0.952	0.022	0.009	0.017	
 729 	  0  	  0  	0.956	0.016	0.020	0.008	
 730 	  0  	  0  	0.945	0.013	0.018	0.024	
 731 	  0  	  0  	0.944	0.018	0.007	0.031	
 732 	  0  	  0  	0.949	0.017	0.025	0.009	
 733 	  0  	  0  	0.956	0.023	0.011	0.011	
 734 	  0  	  0  	0.944	0.022	0.013	0.021	
 735 	  0  	  0  	0.973	0.013	0.009	0.005	
 736 	  0  	  0  	0.924	0.027	0.021	0.028	
 737 	  0  	  0  	0.864	0.022	0.085	0.028	
 738 	  0  	  0  	0.949	0.011	0.012	0.028	
 739 	  0  	  0  	0.959	0.013	0.019	0.009	
 740 	  0  	  0  	0.870	0.027	0.083	0.020	
 741 	  0  	  0  	0.956	0.009	0.011	0.024	
 742 	  0  	  0  	0.951	0.016	0.013	0.020	
 743 	  0  	  0  	0.580	0.272	0.067	0.081	
 744 	  0  	  0  	0.950	0.022	0.015	0.014	
 745 	  0  	  0  	0.908	0.021	0.041	0.029	
 746 	  0  	  0  	0.649	0.224	0.082	0.045	
 747 	  0  	  0  	0.956	0.017	0.013	0.013	
 748 	  0  	  0  	0.921	0.042	0.021	0.017	
 749 	  0  	  0  	0.976	0.005	0.010	0.008	
 750 	  0  	  0  	0.971	0.011	0.009	0.009	
 751 	  0  	  0  	0.951	0.027	0.013	0.009	
 752 	  0  	  0  	0.968	0.012	0.015	0.005	
 753 	  0  	  0  	0.976	0.005	0.010	0.008	
 754 	  0  	  0  	0.907	0.042	0.028	0.023	
 755 	  0  	  0  	0.965	0.013	0.016	0.005	
 756 	  0  	  0  	0.971	0.011	0.009	0.009	
 757 	  0  	  0  	0.954	0.014	0.021	0.011	
 758 	  0  	  0  	0.952	0.015	0.024	0.009	
 759 	  0  	  0  	0.976	0.009	0.008	0.007	
 760 	  0  	  0  	0.961	0.013	0.017	0.008	
 761 	  0  	  0  	0.951	0.019	0.023	0.007	
 762 	  0  	  0  	0.971	0.011	0.010	0.008	
 763 	  0  	  0  	0.989	0.002	0.003	0.006	
 764 	  0  	  0  	0.989	0.002	0.003	0.007	
 765 	  0  	  0  	0.966	0.008	0.018	0.007	
 766 	  0  	  0  	0.950	0.009	0.010	0.031	
 767 	  0  	  0  	0.965	0.010	0.017	0.008	
 768 	  0  	  0  	0.944	0.010	0.011	0.036	
 769 	  0  	  0  	0.960	0.021	0.011	0.007	
 770 	  0  	  0  	0.918	0.026	0.036	0.020	
 771 	  0  	  0  	0.989	0.002	0.003	0.006	
 772 	  0  	  0  	0.962	0.015	0.013	0.010	
 773 	  0  	  0  	0.989	0.002	0.003	0.007	
 774 	  0  	  0  	0.963	0.007	0.022	0.008	
 775 	  0  	  0  	0.969	0.008	0.015	0.008	
 776 	  0  	  0  	0.966	0.008	0.018	0.007	
 777 	  0  	  0  	0.950	0.009	0.010	0.031	
 778 	  0  	  0  	0.953	0.009	0.029	0.009	
 779 	  0  	  0  	0.965	0.010	0.017	0.008	
 780 	  0  	  0  	0.944	0.010	0.011	0.036	
 781 	  0  	  0  	0.930	0.028	0.018	0.024	
 782 	  0  	  0  	0.924	0.025	0.020	0.031	
 783 	  0  	  0  	0.853	0.036	0.018	0.093	
 784 	  0  	  0  	0.946	0.014	0.015	0.024	
 785 	  0  	  0  	0.933	0.026	0.014	0.028	
 786 	  0  	  0  	0.874	0.039	0.016	0.071	
 787 	  0  	  0  	0.963	0.013	0.007	0.017	
 788 	  0  	  0  	0.966	0.012	0.006	0.016	
 789 	  0  	  0  	0.947	0.022	0.020	0.012	
 790 	  0  	  0  	0.915	0.030	0.017	0.038	
 791 	  0  	  0  	0.910	0.026	0.019	0.045	
 792 	  0  	  0  	0.880	0.016	0.048	0.056	
 793 	  0  	  0  	0.913	0.008	0.026	0.053	
 794 	  3  	  0  	0.111	0.012	0.027	0.850	
 795 	  0  	  0  	0.890	0.058	0.021	0.031	
 796 	  0  	  0  	0.958	0.014	0.014	0.014	
 797 	  0  	  0  	0.946	0.005	0.017	0.032	
 798 	  0  	  0  	0.926	0.027	0.014	0.033	
 799 	  0  	  0  	0.700	0.014	0.017	0.270	
 800 	  0  	  0  	0.938	0.026	0.015	0.021	
 801 	  0  	  0  	0.676	0.014	0.018	0.292	
 802 	  0  	  0  	0.956	0.015	0.016	0.014	
 803 	  0  	  0  	0.979	0.004	0.008	0.010	
 804 	  0  	  0  	0.975	0.005	0.011	0.009	
 805 	  0  	  0  	0.963	0.018	0.012	0.007	
 806 	  0  	  0  	0.952	0.016	0.020	0.012	
 807 	  0  	  0  	0.938	0.035	0.010	0.017	
 808 	  0  	  0  	0.945	0.014	0.024	0.017	
 809 	  0  	  0  	0.938	0.020	0.026	0.015	
 810 	  0  	  0  	0.985	0.007	0.003	0.005	
 811 	  0  	  0  	0.953	0.014	0.015	0.018	
 812 	  0  	  0  	0.957	0.015	0.012	0.016	
 813 	  0  	  0  	0.877	0.054	0.037	0.033	
 814 	  0  	  0  	0.947	0.020	0.018	0.015	
 815 	  0  	  0  	0.900	0.017	0.056	0.027	
 816 	  0  	  0  	0.941	0.024	0.018	0.017	
 817 	  0  	  0  	0.853	0.026	0.061	0.060	
 818 	  0  	  0  	0.916	0.008	0.028	0.047	
 819 	  0  	  0  	0.955	0.013	0.011	0.021	
 820 	  0  	  0  	0.943	0.020	0.014	0.022	
 821 	  0  	  0  	0.949	0.014	0.019	0.018	
 822 	  0  	  0  	0.942	0.019	0.019	0.021	
 823 	  0  	  0  	0.963	0.012	0.012	0.013	
 824 	  0  	  0  	0.981	0.004	0.006	0.009	
 825 	  0  	  0  	0.979	0.004	0.007	0.010	
 826 	  0  	  0  	0.929	0.053	0.013	0.005	
 827 	  0  	  0  	0.961	0.013	0.016	0.010	
 828 	  0  	  0  	0.946	0.018	0.018	0.018	
 829 	  0  	  0  	0.961	0.007	0.006	0.027	
 830 	  0  	  0  	0.961	0.008	0.018	0.012	
 831 	  0  	  0  	0.965	0.009	0.010	0.016	
 832 	  0  	  0  	0.971	0.011	0.005	0.013	
 833 	  0  	  0  	0.948	0.015	0.016	0.021	
 834 	  0  	  0  	0.945	0.025	0.015	0.014	
 835 	  0  	  0  	0.909	0.035	0.023	0.034	
 836 	  0  	  0  	0.926	0.026	0.015	0.033	
 837 	  0  	  0  	0.779	0.051	0.028	0.142	
 838 	  0  	  0  	0.928	0.031	0.014	0.027	
 839 	  0  	  0  	0.955	0.018	0.014	0.012	
 840 	  0  	  0  	0.740	0.012	0.015	0.233	
 841 	  0  	  0  	0.957	0.014	0.015	0.014	
 842 	  0  	  0  	0.938	0.030	0.019	0.013	
 843 	  0  	  0  	0.889	0.063	0.036	0.013	
 844 	  0  	  0  	0.949	0.036	0.005	0.009	
 845 	  0  	  0  	0.874	0.079	0.032	0.015	
 846 	  0  	  0  	0.907	0.052	0.025	0.015	
 847 	  0  	  0  	0.842	0.120	0.023	0.016	
 848 	  0  	  0  	0.825	0.065	0.036	0.075	
 849 	  0  	  0  	0.842	0.120	0.023	0.016	
 850 	  0  	  0  	0.826	0.064	0.036	0.074	
 851 	  0  	  0  	0.903	0.069	0.017	0.011	
 852 	  0  	  0  	0.823	0.038	0.059	0.079	
 853 	  0  	  0  	0.714	0.229	0.049	0.008	
 854 	  0  	  0  	0.815	0.043	0.026	0.117	
